20050101
4.05
13.46
3.54
0.74
1.90
0.00
0.15
0.00
0.00
0.09
1.65
0.39
2.46
0.09
0.00
0.00
4.18
1.94
13.13
14.99
9.08
0.35
1.10
0.05
0.05
1.12
0.49
0.25
1.04
1.76
1.20
0.51
0.56
1.12
0.19
0.00
0.00
0.00
0.00
4.64
4.88
1.99
15.80
4.72
1.63
0.66
0.10
0.00
2.99
0.75
1.49
0.95
1.04
11.99
1.85
1.29
2.21
0.17
1.55
1.82
4.45
0.18
0.00
0.70
0.00
0.00
0.60
1.06
2.09
13.36
6.13
1.56
0.00
0.95
3.74
1.43
3.97
0.00
0.00
0.00
0.86
0.00
0.01
8.81
0.02
0.00
0.03
0.77
0.00
0.00
0.00
0.00
0.00
1.02
0.02
0.56
1.52
0.01
0.27
5.54
0.00
0.00
0.16
0.00
1.02
0.00
0.00
17.08
0.00
0.00
0.00
0.00
0.00
0.00
0.65
2.07
13.52
0.00
0.03
0.63
0.00
0.66
4.39
0.75
2.48
2.00
9.68
1.73
2.12
7.08
1.03
0.00
0.00
2.59
3.61
0.65
0.01
0.00
0.14
3.18
5.06
0.68
0.24
0.02
0.00
0.00
0.00
0.01
7.99
8.21
0.31
1.70
6.04
7.63
12.34
5.68
0.39
0.01
0.00
0.00
1.17
1.48
10.39
1.63
0.00
0.00
0.00
0.02
0.00
0.00
0.00
0.00
0.00
0.00
0.11
10.70
0.00
0.00
0.00
0.00
0.66
0.57
0.00
0.85
9.53
0.20
5.20
13.54
4.45
6.30
0.00
0.00
0.00
0.00
0.00
6.37
0.00
0.00
2.01
1.94
17.41
39.64
1.32
0.45
1.74
7.61
0.02
0.06
0.01
41.36
5.23
10.33
0.00
0.25
5.17
2.13
5.97
12.22
2.84
9.31
3.39
0.32
0.68
0.44
2.21
8.23
0.00
0.00
0.00
0.00
0.05
0.06
0.00
0.10
0.10
0.55
11.21
0.81
0.10
0.00
0.00
0.00
0.00
1.60
0.00
0.00
0.00
0.00
0.00
0.00
0.62
0.02
0.00
1.04
0.00
0.00
0.96
17.57
0.13
0.00
0.00
0.00
0.00
0.00
0.00
0.00
0.00
3.72
3.23
1.52
3.03
8.59
2.98
12.25
0.00
0.00
0.00
0.00
0.01
0.00
0.00
0.00
0.00
0.00
0.00
0.00
0.00
0.00
0.00
0.00
0.00
0.00
0.40
3.92
0.75
1.88
19.06
7.73
0.04
0.00
0.00
0.00
0.00
0.04
2.09
4.12
0.04
0.68
0.00
0.00
3.10
0.00
0.00
0.20
2.10
0.00
0.00
2.98
8.77
9.23
0.86
0.00
1.82
7.50
0.00
1.07
0.25
12.27
7.48
0.09
0.07
0.03
0.17
0.61
0.00
0.01
0.51
2.72
4.61
0.11
0.65
0.80
0.00
0.25
0.39
0.21
3.54
1.76
13.57
8.70
0.05
6.31
4.43
3.17
2.70
0.81
4.57
0.49
0.10
2.01
0.12
3.13
6.29
3.10
2.11
1.24
0.14
0.32
0.52
0.00
0.00
0.00
0.00
0.00
0.00
2.04
0.00
0.00
0.00
0.00
0.00
7.91
0.54
7.37
4.91
3.05
0.00
0.00
0.00
2.65
1.96
0.00
0.00
0.00
0.00
0.00
0.00
0.00
0.42
0.49
0.00
6.69
8.92
11.32
4.54
0.73
0.00
0.00
0.00
0.10
3.95
5.42
1.59
1.03
0.00
0.07
0.05
0.00
0.22
0.00
0.00
0.00
2.05
5.73
3.65
0.22
0.16
2.18
5.75
2.19
0.00
0.02
1.67
22.31
0.46
0.00
0.00
0.00
0.01
0.17
0.00
0.00
0.00
0.00
0.00
0.00
0.00
0.61
7.76
11.91
13.65
0.24
7.18
6.25
10.74
8.66
4.18
0.87
1.51
0.34
1.80
0.92
3.04
0.78
0.00
0.75
1.52
1.94
1.39
2.82
2.03
1.56
4.09
0.93
0.09
3.46
11.23
0.00
0.00
0.13
3.69
0.00
0.05
12.39
0.45
0.05
0.00
0.00
0.00
0.00
0.00
0.00
0.00
0.00
0.00
0.00
1.32
0.22
0.00
1.65
0.10
3.28
6.37
7.93
7.89
1.53
9.41
2.61
2.53
3.40
0.92
8.62
1.62
2.54
5.18
1.89
8.27
0.55
0.00
0.00
0.98
0.01
0.00
0.00
0.00
0.00
0.00
0.00
0.00
0.00
0.57
3.56
0.10
0.00
2.98
3.43
2.11
0.00
0.00
0.00
14.83
0.79
0.04
0.00
0.00
0.00
0.00
0.00
0.00
0.00
0.02
6.90
0.65
0.01
1.02
0.00
4.15
0.00
0.00
0.00
0.00
0.00
0.00
0.00
0.00
3.49
0.00
0.28
0.00
0.00
0.00
0.00
0.08
0.16
3.06
5.72
0.00
19.98
1.72
0.00
1.59
0.83
0.00
3.48
0.22
1.84
0.02
1.37
3.43
4.62
32.84
1.87
0.49
0.00
12.04
1.87
6.21
3.09
11.13
0.25
0.55
3.12
1.59
15.89
7.79
12.64
5.43
2.63
0.13
0.07
8.85
0.51
0.02
0.00
16.32
0.00
0.01
0.00
0.00
0.00
0.00
0.00
0.00
0.00
0.00
0.00
1.01
0.00
0.00
0.00
0.00
0.00
0.40
3.27
0.06
0.00
0.13
0.98
0.32
0.91
0.48
4.44
6.33
2.09
2.00
0.00
0.00
0.00
0.00
0.00
0.00
0.00
0.00
0.00
0.00
0.01
1.68
0.41
0.54
1.39
4.19
5.64
0.13
0.25
0.82
9.31
2.18
0.33
10.13
0.05
0.01
2.30
3.76
3.41
0.00
0.00
2.12
8.27
1.71
14.42
6.10
6.32
1.95
0.05
0.21
1.03
0.13
5.74
1.38
4.51
1.64
9.42
0.14
0.23
0.00
0.01
0.35
0.00
0.00
0.00
0.28
1.41
3.98
2.05
0.27
6.06
3.56
0.00
0.04
6.42
1.57
0.56
0.08
0.00
4.52
2.14
0.30
0.03
0.22
0.00
0.18
0.09
0.18
0.00
0.00
0.00
5.06
0.02
9.90
4.70
5.41
2.75
3.51
7.07
1.40
5.22
0.78
3.61
0.38
7.78
13.81
2.32
1.70
0.52
0.00
3.60
5.98
27.28
14.96
4.95
11.63
0.29
0.00
1.10
0.00
3.27
0.36
7.93
1.12
0.05
4.15
2.24
2.43
0.62
0.00
1.68
1.19
0.00
9.28
2.69
2.54
4.70
6.31
1.85
8.70
0.00
0.00
0.00
0.00
0.00
0.25
7.02
0.35
0.61
1.99
8.60
5.20
9.66
9.81
9.73
2.23
0.50
0.00
3.97
1.36
1.47
0.80
2.07
0.00
0.00
0.00
0.00
0.00
0.00
7.00
4.54
11.32
2.16
0.86
5.91
3.65
2.09
0.00
0.00
0.00
0.00
0.00
0.04
0.00
0.00
0.00
0.00
0.01
0.00
0.00
0.00
0.00
0.28
0.56
0.00
0.00
0.00
0.00
0.00
0.00
0.00
0.76
0.00
0.37
0.00
0.00
0.00
0.70
0.33
0.00
0.00
0.00
0.00
0.00
0.00
0.00
0.00
0.00
0.00
0.00
1.84
5.18
11.63
6.41
3.70
14.21
5.33
2.42
0.02
0.87
15.08
0.00
0.86
2.12
0.00
0.00
0.00
0.00
0.04
13.34
11.37
2.51
11.48
4.82
0.00
0.00
0.00
0.00
0.00
0.00
0.01
0.00
0.00
0.00
1.19
0.01
0.00
0.60
1.12
8.80
29.76
10.23
1.83
10.69
0.00
4.65
25.14
9.92
7.68
0.23
1.31
39.85
5.31
0.38
2.42
0.01
7.66
8.40
5.25
5.71
0.24
3.89
7.75
0.02
0.08
4.86
12.76
5.80
1.15
0.00
0.00
0.00
0.00
0.69
0.00
1.05
12.55
32.13
7.48
12.79
0.00
6.11
0.33
2.00
9.26
10.98
0.73
0.00
5.47
0.00
0.00
0.00
0.00
0.08
2.17
0.00
11.11
1.28
0.00
0.37
2.64
2.49
2.13
0.23
0.01
3.25
0.00
10.04
2.70
0.11
0.02
0.00
0.00
1.21
0.90
0.00
5.77
13.02
0.10
9.17
1.39
0.01
1.01
0.15
1.10
0.98
4.31
8.60
0.00
0.90
0.00
2.53
0.00
0.00
9.75
1.65
0.04
0.35
0.00
0.00
0.00
2.50
0.25
0.02
8.01
6.96
27.65
0.90
0.02
0.00
0.10
1.44
0.02
0.00
0.00
0.00
0.00
0.00
0.17
0.28
0.00
0.00
0.00
0.00
11.54
0.62
0.00
2.17
0.01
0.00
0.00
0.00
0.00
0.63
0.07
0.73
21.54
1.54
0.00
1.00
1.35
1.20
0.00
5.77
3.43
9.56
5.98
8.39
12.32
6.84
0.06
4.83
0.12
0.29
0.21
0.85
0.49
1.40
0.00
0.22
0.00
0.04
5.99
7.70
0.10
0.00
0.01
3.06
5.48
3.09
19.70
12.69
0.59
2.14
16.07
20.00
2.82
0.94
3.06
4.27
0.00
0.00
0.00
0.00
0.00
0.00
0.00
0.00
0.00
0.00
0.00
0.99
0.00
0.00
0.16
0.00
0.00
0.30
0.67
0.01
0.01
0.53
0.00
0.00
6.84
0.52
5.59
0.00
0.29
0.17
0.84
0.41
0.00
0.00
0.89
0.00
4.74
10.66
5.08
21.54
30.62
0.02
2.00
5.49
0.00
13.62
1.16
0.00
0.00
1.03
6.83
0.76
1.31
0.00
0.87
8.87
3.42
0.00
0.00
0.00
0.00
0.00
0.00
0.02
0.00
0.00
0.00
0.00
0.58
0.00
0.00
0.91
1.38
0.00
6.40
0.00
3.24
1.57
0.00
24.64
10.44
9.66
10.81
1.86
0.00
3.46
0.01
0.40
0.00
0.17
8.01
13.61
1.91
2.95
0.00
3.59
0.99
1.19
1.89
11.30
6.33
0.16
0.00
2.73
7.50
0.10
0.00
4.61
2.10
0.00
0.00
3.30
5.86
0.01
0.57
4.05
1.91
0.29
0.10
0.01
0.00
1.13
0.00
3.93
2.21
0.40
0.09
0.98
0.00
0.00
0.00
0.00
0.00
0.00
0.91
0.00
0.00
0.00
11.53
2.95
3.60
1.27
0.43
0.00
0.00
0.00
0.00
0.00
0.00
0.00
0.00
0.00
0.00
0.00
0.00
0.00
0.03
7.06
0.00
0.00
0.00
0.00
0.00
0.00
0.00
2.30
0.16
0.01
0.00
0.00
0.00
0.03
0.00
0.03
11.77
0.00
0.00
0.00
1.50
0.00
0.00
0.00
3.17
0.32
1.43
0.22
3.33
2.14
0.00
0.00
0.73
7.47
0.00
4.81
0.28
0.00
0.00
1.89
4.34
4.60
0.00
0.00
0.00
0.00
37.80
32.88
0.00
7.49
10.72
5.45
0.77
4.89
0.02
1.96
0.00
0.71
5.30
5.69
1.76
1.55
13.31
6.31
23.36
0.00
0.00
0.00
0.02
0.01
0.00
0.00
5.59
0.20
0.00
0.64
0.97
9.75
3.35
0.74
2.83
5.77
7.68
1.78
1.81
1.65
13.40
0.56
0.00
4.02
0.00
1.52
1.36
0.17
3.97
2.70
19.14
15.26
0.94
0.67
0.73
0.36
0.24
0.00
0.00
0.00
3.31
2.76
0.15
0.00
2.11
0.61
0.21
0.36
0.02
0.00
0.00
0.00
0.00
0.32
0.21
0.04
0.00
0.00
0.00
0.00
0.00
0.64
3.58
0.00
0.00
0.00
0.00
2.82
0.85
15.66
7.75
5.75
14.23
2.93
20.03
0.00
0.00
0.00
0.00
0.00
0.00
0.00
0.25
2.98
9.45
17.81
4.39
0.28
0.00
0.07
2.90
0.00
0.00
1.31
0.00
7.39
0.36
0.26
0.00
2.25
1.02
1.96
0.00
0.00
0.00
0.84
0.36
0.00
0.04
1.52
3.59
3.37
0.37
2.28
2.46
0.63
1.42
0.00
4.33
15.63
10.14
7.62
0.01
0.01
0.00
0.01
0.69
0.02
0.00
1.66
1.38
0.30
2.46
10.42
1.97
1.95
0.30
0.74
0.00
2.16
0.00
0.72
0.00
0.00
0.00
0.00
0.00
1.93
3.36
2.04
0.00
1.07
0.00
0.63
0.73
0.09
0.00
0.00
0.00
0.00
0.00
0.00
0.45
0.01
10.55
8.75
0.00
0.14
0.42
0.02
0.00
0.00
0.00
1.25
4.02
2.18
0.00
0.00
0.72
3.63
4.53
0.00
0.00
1.46
9.64
1.64
0.00
0.00
0.00
0.02
0.00
0.00
0.02
0.29
0.00
0.00
2.87
1.04
0.00
3.10
0.21
3.19
11.30
0.00
0.01
7.57
0.00
5.39
2.48
0.00
0.00
3.80
1.06
8.00
3.82
0.22
0.20
2.34
6.88
0.03
1.50
0.47
3.43
0.00
0.00
0.04
1.81
1.11
4.35
4.67
9.46
0.20
5.44
0.00
3.03
1.89
0.04
0.00
0.00
0.00
0.00
0.17
2.94
25.82
0.36
4.38
5.16
1.65
6.53
1.97
0.00
0.00
0.00
0.00
0.00
0.00
0.00
0.04
0.66
0.83
0.00
0.00
0.00
0.00
0.00
0.00
0.00
0.01
0.00
0.00
0.00
0.00
0.00
7.89
0.00
0.00
0.00
0.01
1.13
6.78
4.87
0.00
0.00
0.34
1.69
2.44
7.59
1.32
0.03
7.46
0.01
0.00
0.00
0.00
0.00
0.00
10.93
0.00
1.00
0.00
2.92
0.00
6.36
2.99
0.00
0.00
0.03
4.35
3.63
0.00
0.00
0.00
0.00
0.00
0.00
0.51
4.97
1.56
3.87
14.45
0.62
4.66
3.84
11.10
1.40
0.00
0.46
0.03
0.00
0.00
0.01
15.49
1.02
4.43
0.00
0.00
0.00
0.34
0.01
0.00
0.00
0.00
0.00
0.19
0.00
0.21
0.00
0.01
5.28
0.02
3.10
3.30
6.88
2.90
5.57
0.20
0.94
0.00
0.00
18.25
1.46
2.39
3.41
0.05
10.56
16.84
7.89
10.56
0.06
1.38
0.36
6.58
4.03
0.00
0.00
0.34
0.00
0.00
0.00
0.00
0.00
0.02
4.79
1.18
2.49
0.61
0.54
0.00
0.00
0.00
4.64
0.46
0.00
17.97
0.06
0.00
0.00
0.00
0.16
0.00
0.00
1.01
5.63
1.29
0.00
1.95
0.28
5.76
3.72
5.14
0.04
0.17
0.00
0.15
0.00
0.00
0.32
0.47
2.36
0.48
0.00
0.00
0.00
0.00
0.00
0.00
0.00
0.17
0.21
0.02
0.00
0.00
1.00
4.46
2.72
9.43
3.87
4.92
4.70
0.01
2.78
7.17
1.02
0.01
10.98
5.25
0.00
0.00
0.00
2.49
4.70
1.27
0.00
0.00
0.00
0.00
2.58
0.00
3.70
0.30
3.49
0.02
1.58
1.66
0.00
0.02
23.52
3.33
7.81
4.25
5.22
0.46
0.53
0.21
7.30
7.60
3.36
0.05
1.55
0.33
1.57
6.10
0.00
12.66
0.00
0.53
0.36
1.08
10.53
1.46
2.65
0.52
6.17
5.43
0.04
0.38
0.00
0.01
1.88
2.36
2.90
5.37
0.01
0.59
0.34
31.97
1.24
1.07
0.00
0.29
0.00
0.00
1.51
0.79
0.81
2.75
3.17
3.59
0.00
3.80
16.59
0.81
0.50
1.11
0.03
3.62
1.07
0.01
0.99
0.67
0.74
0.25
0.02
0.67
0.39
3.50
1.50
5.31
0.00
0.00
0.00
0.00
1.62
2.94
5.26
0.75
0.42
0.00
0.00
0.00
0.00
0.00
0.00
4.26
0.36
9.00
1.71
2.70
0.74
15.16
0.37
2.90
0.00
0.16
0.00
0.00
0.75
1.52
0.00
1.01
2.51
0.69
0.00
0.00
0.80
1.66
0.18
0.19
5.11
11.54
0.02
7.54
1.50
3.25
0.36
10.54
3.50
0.73
0.29
0.01
11.58
0.18
0.39
0.00
0.00
0.39
0.81
0.87
3.17
3.20
5.17
0.01
0.15
0.00
2.68
12.07
4.63
0.77
0.00
0.00
0.00
24.24
9.53
3.86
0.01
25.23
0.03
2.39
0.00
0.96
1.42
0.31
0.00
0.00
0.15
0.00
0.02
0.15
0.00
0.00
0.00
0.00
0.00
0.00
0.00
0.00
3.37
2.68
0.00
0.00
0.00
0.00
2.34
0.00
0.00
2.61
0.24
3.13
13.64
8.49
0.00
0.01
9.62
2.42
0.83
0.21
0.00
7.27
0.93
0.00
0.02
6.45
0.00
0.00
0.05
0.25
0.04
0.00
0.00
0.59
7.93
0.02
0.03
1.07
0.03
1.93
17.79
1.27
0.00
0.34
0.00
0.00
0.00
17.17
1.12
3.00
4.88
2.92
1.90
0.07
0.00
0.00
0.00
0.00
0.00
1.88
0.74
2.46
0.00
0.00
0.00
0.00
0.00
0.00
0.00
0.00
0.00
0.02
0.00
0.00
0.00
0.00
1.30
0.94
0.00
0.00
0.00
0.00
0.33
1.72
0.00
2.80
0.00
1.42
0.53
0.00
0.00
0.00
0.17
0.02
0.68
0.00
0.28
13.25
0.00
5.71
0.93
0.00
0.40
3.69
6.98
0.60
0.28
5.52
0.00
0.44
0.06
1.37
0.99
0.65
2.69
0.02
0.08
15.54
2.07
28.20
3.65
1.03
0.00
0.00
8.17
8.39
2.34
3.60
12.11
18.60
3.30
14.27
0.87
0.13
0.83
0.01
0.02
0.04
0.00
0.00
0.02
14.44
2.81
0.67
0.00
2.66
15.36
8.43
3.16
2.05
2.11
5.99
4.17
15.04
0.00
0.00
0.00
5.83
7.40
23.74
0.52
0.00
0.00
0.00
0.01
1.08
0.47
0.00
0.00
0.63
0.02
0.00
0.00
0.00
0.00
0.00
0.00
0.69
4.23
0.13
0.00
2.29
4.44
6.05
6.53
2.91
5.14
3.48
4.05
0.00
3.20
0.71
0.00
1.02
2.67
0.00
0.89
9.14
27.93
19.14
2.01
0.00
0.36
1.13
1.80
4.69
2.50
0.79
4.11
0.00
0.01
0.64
10.11
0.54
0.01
0.00
0.51
4.48
0.01
0.00
1.40
0.00
0.00
0.00
0.02
0.60
5.47
0.00
4.38
3.28
0.00
0.14
1.83
2.88
14.32
5.92
0.05
5.12
0.00
0.01
9.97
0.01
0.98
0.20
0.47
0.00
3.18
5.29
0.00
0.20
0.46
7.47
0.00
0.00
1.07
1.34
0.63
0.03
0.07
0.00
0.85
11.69
2.42
3.04
0.02
0.00
0.97
1.40
7.32
12.52
1.70
0.02
1.36
0.28
1.61
0.00
1.14
0.18
0.00
3.64
3.52
0.39
0.00
0.00
0.00
0.00
0.00
0.30
0.40
3.41
14.92
38.15
9.22
0.00
0.00
0.00
2.18
0.23
7.91
0.15
1.89
6.88
0.02
0.00
0.00
0.00
0.00
0.00
0.00
0.00
0.00
0.00
0.00
0.02
0.00
0.00
0.00
0.00
0.00
0.00
0.00
0.00
0.00
3.18
8.27
0.00
0.00
0.76
2.18
0.00
0.00
0.03
0.03
0.00
0.00
0.00
0.00
0.00
0.00
0.29
0.00
0.00
0.00
0.00
0.50
1.72
0.05
0.00
5.21
1.13
0.02
0.05
0.00
0.00
0.00
0.00
5.00
4.12
0.00
0.00
0.00
0.00
0.00
0.00
0.00
0.00
0.00
0.00
0.00
0.00
0.00
0.01
0.04
0.06
0.00
0.00
0.00
0.00
0.52
0.00
0.00
0.00
0.00
0.00
0.00
1.29
2.08
0.78
0.05
2.86
0.84
8.04
3.84
0.00
0.00
1.33
0.00
6.53
0.00
1.73
0.00
0.09
0.99
2.66
0.20
0.00
6.02
0.00
0.00
0.00
0.00
0.00
3.18
0.00
7.20
0.00
0.01
0.50
0.00
1.12
0.01
0.81
4.37
2.31
4.84
8.61
4.36
0.18
10.33
1.04
2.03
2.71
0.02
0.00
0.00
27.13
0.44
0.29
26.48
1.84
0.00
0.00
5.50
0.66
0.54
4.12
0.01
0.00
0.94
31.20
5.87
0.79
0.74
0.37
0.40
0.00
0.05
0.00
2.85
1.10
5.66
0.15
0.02
0.00
0.00
1.10
0.07
8.72
0.00
0.00
1.42
1.14
0.67
19.71
1.19
3.95
7.88
17.34
3.85
6.95
0.37
16.59
4.43
0.02
0.18
13.49
0.43
0.02
0.39
0.25
9.21
0.01
0.02
18.61
1.38
1.05
4.09
3.08
3.49
0.00
0.00
0.00
1.35
0.21
21.96
4.99
6.71
0.60
1.18
0.65
0.02
0.05
1.33
0.43
0.15
1.65
0.03
0.00
0.00
0.00
1.52
0.00
0.00
0.00
0.20
0.00
0.00
0.00
0.00
0.00
0.00
0.02
0.70
0.29
4.18
6.49
1.18
4.92
15.11
4.73
0.26
0.00
0.00
0.00
0.00
0.06
9.66
3.90
1.34
0.00
0.00
0.00
0.00
0.51
0.00
0.00
0.03
0.02
0.00
0.00
0.00
0.00
0.00
0.00
0.00
0.00
0.00
0.00
0.00
0.00
0.00
0.00
0.00
0.00
0.00
0.00
0.00
0.00
0.00
0.00
0.00
0.00
0.05
0.00
0.97
0.12
6.01
0.00
0.03
0.00
12.31
1.20
8.14
7.84
11.88
9.06
15.63
13.69
7.84
12.01
0.02
3.12
5.28
8.18
3.10
15.42
2.68
5.69
0.18
1.95
1.66
7.03
4.65
2.41
0.26
0.00
0.35
1.05
11.66
0.62
1.74
8.07
0.04
14.11
24.88
6.75
0.72
9.99
1.42
4.83
0.18
0.95
7.62
3.00
0.00
0.16
1.02
0.04
6.05
10.06
2.44
15.27
6.03
4.77
0.85
0.00
1.75
0.79
0.07
0.19
0.00
0.00
0.00
0.92
0.15
0.00
0.00
0.00
0.05
0.00
0.00
0.00
0.34
0.45
0.10
2.98
0.00
5.71
0.00
1.81
1.17
4.11
4.26
2.92
1.41
6.32
1.75
0.00
1.89
0.22
0.44
0.00
0.00
0.00
0.01
0.00
0.00
7.73
0.00
0.05
0.72
0.00
0.00
0.00
0.00
0.00
0.00
0.02
0.19
0.00
0.28
0.00
0.00
0.00
0.00
0.00
0.00
0.00
0.00
1.58
0.84
0.40
2.91
4.10
3.49
0.19
0.00
4.49
0.20
0.23
2.64
1.04
0.04
3.18
0.00
0.00
0.00
0.26
0.03
0.00
1.36
0.04
3.19
3.40
0.45
4.34
1.23
0.00
2.46
1.90
0.00
0.00
0.00
0.02
3.08
0.92
0.03
1.03
0.76
0.00
3.86
3.80
0.01
0.66
0.00
0.00
3.65
4.21
0.17
0.19
0.00
0.23
0.00
1.53
0.36
0.00
0.00
0.36
0.00
0.00
0.00
0.02
21.94
0.68
0.33
0.06
1.99
0.17
5.56
6.35
3.63
0.02
0.20
3.82
0.37
0.00
0.00
1.79
2.75
0.00
0.18
0.00
0.04
0.78
2.66
0.91
17.53
7.20
0.01
0.83
0.25
6.95
0.02
2.16
0.01
0.00
0.00
1.49
1.05
7.89
2.55
1.23
1.99
1.31
1.70
1.54
1.08
0.08
7.84
2.77
5.53
33.00
0.16
0.11
0.03
0.00
0.00
0.00
0.00
3.56
5.92
17.34
2.36
0.12
0.00
0.39
5.18
3.82
1.16
6.52
2.47
6.87
0.04
0.69
0.00
0.00
0.00
0.00
2.44
6.23
0.00
0.00
0.44
0.00
6.48
0.83
0.09
1.96
1.20
3.46
0.01
0.43
0.34
0.01
1.41
0.00
0.00
0.00
0.02
0.90
0.00
10.20
0.98
0.00
0.20
6.88
0.29
0.00
6.68
0.61
0.00
0.42
0.15
1.68
0.00
3.90
2.86
1.30
12.15
3.40
8.42
4.30
0.80
1.13
0.00
0.01
0.04
10.33
7.50
13.91
7.44
1.80
0.25
1.65
1.76
0.70
10.10
1.63
1.22
0.60
1.32
0.09
0.00
0.00
0.00
0.00
0.00
1.10
1.17
1.86
0.00
0.07
0.00
2.77
0.13
0.00
3.88
0.72
2.99
3.94
1.87
7.10
1.69
2.28
0.02
2.51
0.00
0.00
0.00
0.00
0.00
0.00
0.05
2.49
0.00
0.00
0.20
0.00
2.97
1.64
1.69
2.17
0.00
0.44
0.32
1.82
0.93
2.06
3.05
3.71
2.72
0.00
0.00
5.63
13.48
3.84
0.30
1.34
0.00
11.24
1.10
0.54
3.14
1.26
0.20
0.00
0.05
6.72
11.13
2.36
9.26
5.70
1.28
0.81
1.15
6.18
1.97
8.40
4.64
2.43
4.12
1.51
1.58
1.14
5.61
5.65
6.45
0.00
0.02
0.06
0.53
0.00
0.01
0.72
0.00
0.00
0.01
1.51
0.57
0.00
0.00
0.00
1.09
5.71
2.66
7.60
12.76
4.96
5.96
1.01
5.31
6.34
8.40
1.41
0.17
0.61
0.01
0.00
0.00
0.51
0.02
0.03
0.21
0.06
0.00
4.65
0.78
0.14
0.15
0.00
1.61
1.03
1.55
0.00
0.00
0.02
0.00
0.36
0.00
0.00
0.00
0.00
0.36
1.17
14.02
0.38
2.01
0.00
0.57
0.14
0.00
0.00
7.35
0.16
0.92
0.19
0.64
0.00
0.00
0.00
0.00
0.00
0.00
0.94
0.17
0.18
0.00
0.00
0.00
0.00
0.00
0.00
0.00
0.00
0.00
0.81
2.43
4.12
5.67
0.57
0.00
2.80
0.00
0.00
0.00
0.25
0.00
0.04
0.00
0.38
0.00
0.09
13.69
0.02
0.00
0.98
0.00
0.00
0.00
0.00
0.00
0.00
0.00
17.04
4.04
1.19
0.00
0.60
0.89
6.54
0.03
7.56
0.16
1.06
10.96
0.01
0.93
41.62
10.73
10.36
0.43
12.87
19.50
0.72
1.50
13.22
1.85
0.77
0.00
0.00
0.00
0.00
0.00
0.00
0.00
0.00
0.00
0.00
0.00
4.57
14.08
0.59
5.58
0.00
0.00
0.00
23.00
6.11
0.16
1.95
4.03
3.02
0.75
0.31
1.16
6.05
0.86
0.18
0.67
0.68
0.19
0.10
0.00
0.00
0.00
0.00
0.00
0.00
0.00
0.00
0.04
0.04
0.00
0.00
0.00
0.00
0.00
0.00
0.00
0.00
0.00
14.38
0.00
15.89
3.13
0.30
0.04
9.44
1.60
0.32
0.00
0.43
0.04
0.00
0.01
5.92
0.04
0.02
0.60
1.39
2.53
10.37
1.06
0.71
1.01
0.51
13.27
10.71
0.00
0.00
0.00
0.00
0.00
0.00
0.00
0.00
0.00
0.00
0.02
1.61
6.28
8.75
0.42
0.19
0.00
0.00
1.24
2.69
16.73
2.30
0.79
0.00
0.77
3.16
5.32
0.10
2.51
0.15
2.79
2.11
0.00
0.00
0.08
1.81
12.02
0.00
0.18
0.00
0.00
0.00
0.00
0.00
0.00
0.34
0.18
0.00
0.00
0.33
3.83
0.64
3.83
27.16
0.00
2.66
0.70
0.04
25.79
0.00
0.22
12.26
0.00
0.63
0.02
0.00
1.70
0.00
2.21
5.91
1.04
0.36
2.21
1.93
7.38
0.49
25.91
2.62
12.71
0.40
0.82
4.31
0.62
0.00
1.36
0.00
0.04
0.00
0.00
0.19
0.04
0.35
0.01
0.01
0.26
0.18
0.01
0.00
0.04
0.81
0.02
13.53
0.29
0.27
0.00
0.00
1.53
13.04
5.92
3.35
21.06
9.59
0.00
0.00
0.00
0.00
0.22
1.30
0.00
0.78
0.01
3.45
0.29
0.62
1.57
0.00
4.22
0.00
3.55
3.20
2.17
0.87
0.02
0.00
1.22
1.43
3.20
0.01
1.95
5.93
0.39
6.29
4.36
0.76
2.68
0.72
1.63
0.01
6.84
7.41
1.65
0.00
0.00
0.02
0.56
0.00
0.51
0.00
0.01
3.84
0.00
0.00
0.00
0.00
0.00
3.83
0.00
0.00
0.02
0.00
2.43
8.48
1.37
1.43
0.33
0.19
0.27
7.30
0.75
0.64
4.50
0.00
4.40
0.42
0.96
2.23
0.02
0.00
0.00
0.00
0.02
0.33
1.54
0.50
0.00
0.00
0.00
0.00
0.00
0.03
0.00
0.00
0.00
0.00
0.00
0.00
1.44
1.94
0.08
0.70
5.93
0.00
0.00
12.36
2.76
0.64
0.02
0.04
0.00
0.00
0.00
0.00
0.00
0.00
0.01
0.00
0.00
11.16
3.41
5.70
0.17
6.50
0.48
0.18
0.00
0.52
5.68
3.31
0.01
0.00
4.37
4.13
0.00
2.52
2.58
1.74
0.09
0.00
0.00
0.10
0.02
0.00
0.00
0.00
0.42
0.01
0.00
0.02
0.00
4.71
9.06
7.65
24.03
5.94
2.87
8.74
1.70
0.03
0.00
0.00
0.00
0.57
0.00
2.39
0.00
7.22
6.72
4.53
0.00
0.00
3.67
0.15
0.00
0.00
0.00
0.00
0.00
0.00
11.14
5.83
0.00
0.00
6.52
8.45
0.01
0.35
0.02
1.24
0.04
0.00
0.00
0.00
0.00
1.01
0.51
1.85
0.34
3.89
0.50
0.40
0.44
1.11
11.35
2.22
0.27
1.39
1.03
0.00
0.02
9.25
0.96
0.03
33.11
14.12
0.00
0.00
0.84
7.29
0.00
0.00
0.00
0.00
0.00
0.00
1.94
0.00
0.00
0.00
12.90
6.72
2.05
0.00
0.00
0.30
0.01
0.00
0.00
0.25
0.01
0.18
0.88
0.12
6.40
0.02
3.82
1.13
0.05
3.88
0.03
4.73
5.30
4.46
3.85
5.97
3.91
5.41
0.35
2.07
0.94
1.26
0.01
0.00
0.00
0.64
0.66
0.53
0.80
1.45
0.00
0.00
0.00
0.00
12.08
0.00
0.00
0.73
0.94
0.00
0.00
0.29
8.17
0.00
0.00
0.00
0.00
0.02
0.11
0.56
0.06
0.00
1.54
0.52
0.18
0.00
0.00
0.42
2.40
0.00
0.01
0.00
0.00
0.00
0.02
8.80
3.35
0.01
0.00
3.73
6.24
1.16
0.02
0.72
2.72
0.00
0.00
4.20
4.24
9.28
2.60
0.00
0.57
1.19
0.00
0.00
0.00
0.80
0.00
0.00
0.00
0.85
1.38
9.83
3.85
0.00
0.45
0.00
0.01
0.48
0.00
0.19
0.00
0.00
0.00
3.21
0.01
0.01
0.00
0.00
0.00
1.36
4.74
2.29
0.07
0.00
0.00
0.00
0.00
0.00
0.00
0.00
0.00
3.96
0.00
0.02
4.60
0.00
1.15
2.81
3.80
8.48
0.00
0.02
2.42
0.38
4.47
11.01
13.37
10.92
5.13
26.16
8.21
4.33
4.12
0.00
0.00
0.96
3.69
0.52
0.04
3.29
1.28
4.22
0.71
0.00
0.42
0.20
10.87
20.20
7.50
9.63
7.96
16.96
7.50
3.23
0.00
0.00
1.30
0.00
0.00
0.00
0.00
0.00
3.50
3.78
7.65
0.02
8.88
0.69
0.02
1.29
0.92
1.34
0.45
0.13
0.00
0.00
0.36
0.81
0.72
0.02
0.00
0.00
0.00
0.00
0.00
0.00
0.00
0.00
0.00
7.34
3.24
1.43
1.59
3.21
1.85
1.88
5.41
1.98
4.00
6.55
7.26
3.46
0.00
0.00
0.00
0.00
1.64
0.00
0.00
0.00
0.00
0.15
0.00
0.00
0.00
0.00
0.00
4.49
1.84
0.00
0.00
0.00
0.47
0.91
2.28
3.64
22.56
9.21
15.29
5.06
1.40
0.29
0.44
0.00
0.00
0.00
0.00
0.00
0.00
3.75
1.44
0.00
0.02
0.00
0.15
0.00
0.00
0.00
0.00
0.00
0.00
0.00
0.00
4.57
11.29
0.39
0.41
0.03
2.41
0.17
0.02
6.90
1.51
20.47
2.35
2.47
0.00
2.04
0.17
0.00
0.20
0.21
0.00
0.00
0.61
1.81
3.22
3.22
1.12
0.78
0.00
0.92
0.00
0.84
2.06
0.00
8.12
0.80
2.00
3.51
0.07
0.68
0.18
0.00
0.04
0.00
0.00
0.00
0.00
0.00
0.00
0.00
11.76
0.00
0.00
0.00
2.95
3.29
3.84
0.01
4.96
5.91
0.20
0.00
0.21
0.01
0.08
0.69
0.00
0.00
0.00
0.02
3.05
9.36
3.39
0.00
9.34
4.35
1.03
0.19
0.00
6.02
8.61
3.02
1.06
0.00
8.16
0.03
6.82
0.24
0.36
0.00
0.00
9.79
9.39
1.18
8.39
5.40
7.71
3.62
0.00
0.00
0.00
0.00
15.80
0.00
0.00
7.10
1.75
0.00
11.50
0.00
0.00
0.02
8.72
1.67
13.37
20.39
27.95
5.06
0.00
0.00
0.00
0.02
0.41
3.19
0.64
7.16
0.40
0.03
2.67
0.10
0.89
0.00
0.42
2.51
31.88
1.32
0.01
0.00
0.00
2.25
0.00
5.37
14.53
7.43
3.38
3.78
2.26
0.35
12.94
1.75
1.17
5.62
0.00
0.54
0.00
0.00
0.00
0.00
0.00
0.00
0.00
0.00
0.00
0.00
0.01
3.70
11.01
2.55
0.51
0.00
0.00
0.00
0.35
2.63
5.82
16.75
2.51
2.77
0.01
0.00
0.02
0.40
0.00
0.08
1.20
0.00
0.00
0.00
0.00
0.00
0.00
0.00
0.00
0.00
0.02
4.68
8.20
4.01
3.77
1.04
1.29
0.59
0.00
0.82
13.87
33.59
5.02
14.86
7.12
1.43
1.52
0.81
5.67
0.00
3.50
0.54
0.00
0.03
8.33
9.48
7.43
0.91
0.00
0.30
1.30
0.00
1.98
0.00
2.92
0.00
3.50
3.71
15.45
0.00
0.00
0.00
1.58
0.37
0.44
0.00
0.54
4.26
2.50
0.12
0.50
1.35
1.54
0.98
0.00
0.00
0.00
2.75
0.00
0.01
1.25
0.31
2.34
0.00
8.95
4.79
0.00
7.01
5.32
1.21
1.23
4.72
0.02
1.13
0.00
0.02
1.48
0.57
0.00
3.19
0.42
1.51
0.00
3.40
4.88
0.02
1.28
14.88
0.72
7.05
2.10
0.74
3.82
2.09
0.00
0.55
10.55
15.82
6.02
1.24
0.05
0.53
20.94
0.02
0.00
2.61
0.02
0.47
10.49
25.72
2.62
2.87
1.12
2.54
0.86
0.00
0.00
0.00
3.45
1.65
1.12
3.52
3.42
2.32
0.00
1.91
0.00
0.00
0.00
0.00
0.00
0.00
0.00
0.00
0.00
0.00
0.38
0.32
4.28
1.65
0.00
0.63
4.29
0.00
3.47
2.37
7.42
1.77
0.00
0.00
0.00
0.33
0.95
5.78
2.41
1.43
0.97
0.00
0.00
0.02
0.04
1.36
0.69
10.83
0.25
0.03
0.35
0.27
0.00
0.00
0.00
3.60
4.39
16.63
10.45
6.21
1.58
0.55
3.61
0.00
0.00
1.64
0.00
0.00
0.00
0.00
0.00
0.00
0.00
0.00
0.00
0.00
2.73
4.70
0.50
0.59
0.00
0.00
0.61
0.00
16.51
4.62
0.35
0.90
1.52
1.21
0.05
4.52
0.16
0.48
0.47
25.70
0.00
0.00
2.78
0.01
0.06
0.00
0.00
0.00
1.78
1.77
32.23
2.76
3.12
1.78
2.06
7.99
0.17
9.25
0.65
0.20
18.20
5.99
20.47
0.00
2.16
5.28
0.19
0.67
8.41
3.64
1.41
0.00
6.45
0.53
0.00
4.42
0.68
0.00
0.00
7.94
2.64
2.57
0.28
3.44
0.00
0.00
0.00
0.01
0.00
3.95
0.00
0.09
3.33
0.21
0.84
1.75
9.01
2.77
1.71
1.01
1.90
2.86
0.01
0.34
0.11
0.52
0.69
1.94
1.69
6.11
3.83
4.14
0.12
0.01
0.00
0.00
0.00
1.00
0.20
0.46
3.70
0.00
0.00
0.00
0.00
1.00
17.19
2.28
0.00
0.00
0.44
0.21
13.25
5.64
0.55
0.00
0.00
0.00
0.00
0.00
0.00
0.00
0.00
0.00
0.00
5.32
1.65
0.00
0.00
0.00
0.00
0.00
0.02
0.00
0.06
1.26
0.00
0.00
3.52
0.37
0.31
3.66
0.04
0.00
0.00
0.27
0.32
0.04
0.90
3.21
2.29
0.06
0.00
0.43
0.49
0.00
0.58
3.25
0.84
1.31
2.33
3.23
0.08
0.06
0.01
0.38
0.03
1.39
0.17
0.37
1.25
5.32
5.61
0.55
0.20
1.68
0.62
3.12
3.99
0.40
2.12
0.00
0.00
0.00
2.86
0.96
1.44
11.11
4.34
0.00
3.01
0.00
0.00
0.00
0.00
0.00
0.59
0.00
0.00
0.00
5.87
2.15
0.00
0.00
0.00
0.00
0.00
0.17
0.91
0.28
14.98
5.85
0.00
1.96
1.55
0.00
0.00
0.29
1.08
0.00
0.00
3.19
1.96
0.77
14.54
2.68
6.96
0.15
0.00
0.00
0.00
0.00
2.73
3.41
19.32
2.22
0.00
0.00
1.30
0.00
0.03
0.02
11.79
12.88
3.77
2.19
0.00
0.00
0.00
0.00
0.02
0.48
0.00
0.00
0.00
0.00
0.00
0.00
0.00
0.96
0.97
15.02
0.00
0.01
0.20
1.18
0.08
0.91
0.00
0.00
0.02
0.00
0.00
0.30
0.00
0.00
0.00
0.00
1.36
2.81
0.00
2.36
5.61
6.72
6.41
16.85
2.49
6.56
1.09
2.09
3.52
5.74
4.22
1.40
0.36
0.34
1.52
0.00
4.84
7.74
0.00
0.00
0.00
0.02
0.19
0.00
0.00
7.91
0.62
27.10
8.49
0.19
0.00
0.06
0.00
0.00
0.00
0.00
0.11
4.45
0.54
0.00
0.04
0.00
0.00
0.00
0.20
0.00
0.00
0.00
0.00
1.13
6.29
10.03
0.47
7.61
3.72
0.66
0.87
0.04
0.00
0.00
2.39
3.95
0.49
8.26
1.49
0.17
0.02
2.70
1.55
0.00
0.00
3.45
0.76
4.94
8.73
0.00
0.18
1.00
0.00
0.04
0.61
7.22
2.81
5.19
0.62
3.59
0.00
1.16
25.47
0.00
0.00
0.00
1.66
0.00
0.00
0.00
0.00
0.03
5.08
1.85
0.00
0.00
0.06
22.31
5.10
0.00
2.52
4.82
0.40
9.21
0.00
2.62
1.13
0.53
0.00
12.13
3.01
0.00
0.00
0.00
0.00
0.00
13.52
1.61
7.52
1.21
0.00
0.49
1.38
17.03
30.21
1.91
2.22
3.99
2.62
0.00
0.00
0.30
0.05
0.00
9.69
5.89
7.43
0.00
1.28
0.02
2.15
0.00
0.00
11.45
1.92
0.03
6.48
0.61
17.84
17.00
0.01
2.08
3.30
3.19
1.42
1.00
1.43
3.19
1.25
0.03
0.09
0.31
0.00
2.01
0.00
0.11
7.19
6.36
0.01
0.09
15.70
0.00
6.77
4.25
3.42
3.59
1.88
0.00
0.02
0.03
0.00
0.06
0.00
0.00
0.00
5.13
1.37
0.03
0.09
0.00
0.00
9.31
2.80
3.90
9.95
3.87
0.17
0.95
4.93
4.14
1.13
1.39
0.04
5.61
0.16
1.17
0.02
0.00
0.00
0.25
0.46
1.60
2.50
1.01
0.41
3.36
9.49
4.03
4.82
3.53
16.35
34.58
4.44
14.33
0.00
4.53
1.58
1.86
0.00
0.00
0.02
0.00
0.00
0.00
0.00
0.00
4.27
3.76
5.46
1.80
5.35
0.59
2.13
0.80
5.82
0.82
1.12
2.38
17.30
0.22
0.00
0.02
3.88
0.70
0.00
0.00
1.27
13.40
4.20
0.02
0.00
2.07
2.97
1.49
0.00
11.76
2.67
3.41
6.06
1.51
2.33
6.01
0.03
0.19
5.44
1.28
0.50
0.01
0.00
4.44
6.59
5.99
0.94
0.00
4.78
10.40
5.08
4.92
5.94
2.98
15.57
0.56
0.09
0.61
0.00
0.21
3.28
0.48
0.00
0.00
1.56
0.35
0.19
0.82
0.04
1.02
0.39
3.99
23.30
0.73
12.90
21.75
4.89
0.94
0.01
0.00
0.00
0.00
0.00
4.87
0.00
0.00
0.00
7.23
4.90
3.26
18.68
1.04
0.00
0.00
1.07
3.35
3.02
0.56
0.16
2.17
4.29
12.96
0.00
5.35
0.00
1.94
1.77
1.18
0.00
0.00
0.00
0.00
0.00
0.03
3.01
2.76
0.00
0.00
2.00
0.12
0.00
0.00
0.00
0.00
0.00
0.00
0.00
0.00
3.71
1.70
1.15
0.00
0.00
0.00
0.00
2.56
0.00
0.44
3.62
8.05
0.40
1.02
1.22
8.69
0.49
0.00
0.00
0.01
0.00
0.00
0.59
0.00
1.65
1.65
0.16
0.00
0.00
0.00
1.08
15.62
0.15
0.01
14.16
0.00
2.46
0.54
2.09
0.53
0.00
0.00
0.00
0.00
1.24
0.27
1.96
7.93
11.67
3.31
0.53
0.00
0.00
0.00
0.00
0.00
0.01
0.00
8.97
3.19
4.56
0.00
0.00
0.00
0.70
2.82
0.00
0.00
0.00
0.00
0.00
0.00
0.00
0.00
0.68
0.00
0.00
0.02
0.00
0.16
0.16
0.00
0.00
0.00
0.00
0.00
0.00
0.00
0.00
0.00
0.00
0.01
0.00
0.01
23.00
0.00
21.66
1.46
0.00
0.00
0.00
0.00
0.00
0.00
4.05
0.17
0.00
0.70
0.00
1.54
0.00
5.23
2.10
0.64
1.37
3.43
20.40
2.14
3.30
0.65
1.03
0.00
0.00
0.00
0.00
0.00
0.00
0.00
0.00
0.00
0.00
0.25
0.00
0.00
3.67
3.19
26.42
0.48
0.00
0.00
0.00
0.00
0.00
0.00
0.00
0.00
0.00
0.01
0.00
0.00
0.30
0.00
0.00
11.41
0.00
0.00
0.88
0.00
0.00
0.00
0.00
0.00
0.00
0.00
0.00
10.87
1.38
1.36
0.16
1.17
4.61
0.00
0.00
0.18
0.00
0.16
0.49
0.00
0.00
0.06
1.37
7.42
0.51
0.73
0.00
9.14
3.62
0.00
0.00
0.00
0.00
0.00
0.00
4.30
1.69
0.00
0.00
0.06
0.63
1.23
0.00
0.00
1.98
0.00
0.00
0.00
0.00
0.00
7.39
4.14
3.50
1.93
0.00
0.00
0.21
0.00
0.00
0.59
4.80
7.36
1.58
0.62
0.00
2.84
0.00
0.00
0.00
0.00
0.00
0.00
0.00
0.00
0.00
0.45
0.00
1.38
0.00
0.00
0.70
0.03
9.50
2.65
3.02
3.13
0.19
0.47
0.19
2.77
0.00
0.00
0.00
0.00
0.00
0.00
0.00
0.38
0.01
1.82
3.62
3.26
3.29
3.05
0.00
0.00
0.00
0.00
0.03
0.00
0.00
0.03
0.14
0.00
0.25
0.00
0.00
0.00
1.23
3.78
0.00
0.52
8.81
5.15
0.73
1.49
3.45
12.80
10.02
6.75
4.15
0.00
2.19
0.00
0.00
0.00
0.50
1.48
0.00
0.50
2.70
11.97
5.99
4.92
0.24
0.03
0.21
0.30
2.23
9.02
0.02
0.33
2.76
0.00
0.33
4.17
0.69
2.64
11.32
5.18
0.00
2.32
0.99
9.59
8.65
0.06
6.54
3.30
3.75
0.00
0.00
0.00
0.04
0.00
0.00
0.00
1.45
11.30
2.68
1.17
0.09
0.30
0.00
0.00
0.18
0.00
0.00
0.00
7.09
0.99
1.65
1.23
15.91
0.05
1.20
0.16
0.00
0.00
0.00
0.00
0.43
0.41
0.18
1.77
0.00
0.00
0.00
0.00
0.00
0.00
0.32
0.00
0.22
6.83
6.21
1.82
1.20
7.02
5.51
2.94
6.44
0.40
0.43
7.81
11.15
2.11
6.77
3.27
1.75
0.50
0.01
0.00
0.00
0.00
3.08
5.13
1.69
1.86
0.03
0.00
0.00
0.00
0.00
0.68
1.12
0.00
0.00
1.91
0.00
0.00
0.00
0.00
0.00
0.16
3.35
0.41
0.00
0.00
0.00
0.00
0.00
0.00
0.00
0.00
0.05
1.07
0.00
1.94
7.16
4.65
2.12
0.00
0.00
2.08
0.97
1.58
0.00
4.26
0.00
10.61
0.22
1.13
0.00
0.00
0.00
0.00
0.00
11.00
0.00
0.00
0.00
5.92
22.95
0.01
0.00
0.00
0.00
7.22
0.00
0.00
0.00
0.46
0.01
0.00
0.00
4.61
1.29
0.00
2.25
10.82
0.02
1.16
2.10
9.53
1.66
0.07
7.31
0.96
0.66
0.00
0.01
9.72
3.94
0.00
0.00
0.00
0.00
0.00
0.00
0.00
0.00
0.00
0.00
0.16
0.01
0.16
0.02
0.32
3.38
0.66
6.10
1.17
0.16
4.07
3.67
0.32
0.21
0.21
0.00
0.00
0.15
0.00
14.49
0.00
0.00
0.00
0.00
0.00
0.00
0.00
0.00
3.39
1.62
2.17
0.20
0.74
0.02
0.01
0.09
0.00
1.52
1.57
2.85
2.70
0.00
2.02
1.77
1.83
6.52
1.05
5.66
3.68
0.00
0.84
0.00
0.00
0.00
0.00
0.00
0.00
1.22
1.77
5.69
0.00
0.01
0.26
2.58
3.43
1.34
5.20
0.17
1.12
0.15
3.89
0.00
2.37
0.02
1.07
0.00
1.68
0.29
4.75
0.16
0.00
0.00
0.00
0.00
0.67
1.85
5.36
16.18
0.43
5.05
31.51
15.26
12.69
3.56
0.00
12.86
0.01
0.00
3.46
3.88
1.07
5.28
5.06
4.28
3.12
0.00
31.10
4.26
0.99
3.65
2.05
13.24
0.53
0.00
0.00
0.00
0.38
2.32
0.38
1.33
0.00
0.00
0.00
6.24
7.04
5.50
4.02
5.35
0.98
2.62
1.00
1.19
0.00
0.00
0.50
0.01
0.00
0.00
13.22
1.80
5.55
0.41
2.39
1.66
0.00
0.00
0.00
0.21
0.00
4.71
7.78
0.68
1.78
0.03
0.84
0.25
0.00
0.79
6.47
3.55
7.83
0.88
0.03
7.05
0.23
3.32
1.80
1.36
0.00
5.70
0.00
0.00
6.37
0.00
4.18
0.66
7.63
1.45
0.09
0.00
0.00
0.00
0.00
0.00
0.00
0.14
5.05
5.31
0.06
0.16
0.01
1.74
13.66
0.06
0.00
4.41
1.25
1.92
0.84
0.00
1.57
0.86
0.20
0.00
0.03
0.30
0.00
0.01
0.00
0.50
4.14
11.12
13.30
2.63
2.18
4.32
6.46
3.42
3.78
0.00
0.00
0.00
0.04
12.76
12.75
5.21
2.18
7.60
0.34
0.25
8.12