20050101
6.07
9.53
3.41
1.19
2.88
0.16
1.87
1.07
0.56
2.37
1.50
2.02
6.58
0.24
0.00
0.00
5.68
2.89
15.15
2.89
4.19
0.07
1.03
1.28
0.00
0.77
0.14
1.54
0.29
0.98
0.49
0.26
0.56
0.44
0.10
0.00
0.00
0.00
0.00
5.41
2.65
0.70
18.04
1.59
1.14
1.16
0.06
0.02
3.34
1.19
1.94
0.47
7.04
21.77
1.00
0.19
0.45
0.73
4.01
4.68
0.32
0.03
0.00
0.68
0.00
0.13
1.43
0.43
3.02
14.39
2.16
2.21
0.02
3.81
7.21
3.65
2.81
0.00
0.00
0.00
0.26
0.01
0.00
9.34
4.98
0.03
0.01
0.00
0.00
0.00
0.00
0.00
0.00
1.36
0.01
0.50
3.31
0.01
0.00
1.31
0.01
0.00
1.40
0.21
0.12
0.00
0.00
2.04
0.00
0.00
0.00
0.00
0.00
0.00
0.06
1.57
7.71
0.00
0.14
1.25
2.44
0.31
30.24
2.22
2.52
1.69
16.19
3.45
6.53
6.51
0.52
0.00
0.00
1.93
0.00
1.49
0.44
0.08
0.02
5.53
2.79
0.23
0.44
0.43
0.00
0.00
0.00
0.00
6.27
6.34
1.03
0.98
3.13
13.50
3.35
3.06
0.00
0.00
0.00
0.16
0.09
0.35
12.52
2.11
0.00
0.42
0.73
0.61
0.00
0.00
0.00
0.00
0.00
0.00
0.05
15.29
0.00
0.00
0.00
0.00
0.08
0.24
0.02
0.15
9.47
1.26
0.91
5.26
0.80
0.06
0.00
0.00
0.00
0.00
0.00
3.35
0.33
0.00
9.94
6.54
25.78
22.85
0.60
0.54
2.15
1.96
0.00
0.19
12.19
26.47
8.30
16.00
3.84
0.00
0.65
2.65
7.06
4.21
1.40
5.64
8.19
0.22
0.47
0.20
1.66
6.18
0.00
0.00
0.00
0.00
0.00
0.03
0.00
0.00
0.00
2.37
9.77
7.71
0.48
0.00
0.00
0.00
0.00
2.13
0.01
0.00
0.00
0.00
0.00
0.00
0.01
2.40
0.00
0.02
0.00
0.01
1.67
6.28
0.37
0.00
0.00
0.00
0.00
0.00
0.00
0.00
0.00
6.23
5.42
1.92
2.13
5.50
2.20
4.13
0.34
0.00
0.00
0.00
0.00
0.01
0.00
0.33
0.00
0.00
0.00
0.00
0.00
0.00
0.00
0.00
0.00
0.00
1.19
5.72
1.66
0.81
22.69
20.53
0.64
0.00
0.00
0.00
0.00
0.38
2.53
8.24
0.24
0.97
0.00
0.13
3.06
0.00
0.07
0.41
2.75
0.00
0.00
4.28
3.68
3.92
0.09
0.00
0.55
5.95
0.00
3.27
1.27
14.47
2.14
0.16
0.01
0.39
1.51
2.45
0.00
0.00
0.52
2.34
6.00
0.97
0.13
0.57
0.35
0.86
0.87
0.15
3.37
3.81
12.61
5.44
0.05
1.19
3.64
2.17
3.22
0.58
5.10
1.01
0.37
6.54
0.23
10.60
5.93
2.38
4.32
0.88
0.00
0.07
0.10
0.25
0.00
0.06
0.00
0.00
0.00
2.07
0.03
0.00
0.00
0.00
0.00
6.00
1.28
11.79
4.96
1.78
0.00
0.00
1.43
1.13
0.12
0.00
0.00
0.00
0.00
0.00
0.00
0.00
0.69
0.40
0.21
9.46
5.98
8.66
6.24
0.25
0.00
0.00
0.00
0.07
4.73
5.02
3.43
0.93
0.26
0.04
0.42
0.04
1.48
0.00
0.01
0.00
2.79
3.75
3.11
4.96
1.70
8.29
7.89
3.57
0.76
0.06
0.17
7.82
0.21
0.00
0.00
0.00
0.49
0.13
0.00
0.00
0.00
0.00
0.04
0.00
0.00
1.24
10.89
10.65
20.34
0.15
4.43
8.81
5.58
5.65
12.78
2.96
3.85
4.17
6.16
0.84
5.14
2.26
0.00
1.27
1.93
4.42
0.14
0.69
1.79
2.73
1.56
2.57
2.60
3.02
0.31
0.00
0.00
0.24
1.30
0.00
0.61
10.17
1.12
1.10
0.00
0.00
0.00
0.00
0.00
0.00
0.00
0.00
0.00
0.00
0.69
0.37
0.00
1.53
1.10
2.37
10.46
11.84
17.30
0.96
18.76
2.12
6.74
0.24
3.00
4.79
2.76
0.53
10.01
8.09
4.19
0.37
0.00
0.00
5.01
0.00
0.00
0.00
0.00
0.00
0.00
0.00
0.00
0.00
0.25
6.24
0.72
0.00
4.83
0.51
1.51
1.33
0.00
0.00
7.11
2.12
0.59
0.00
0.00
0.00
0.00
0.00
0.00
0.00
0.00
3.11
1.08
2.36
6.37
0.00
3.00
0.00
0.00
0.00
0.00
0.00
0.00
0.00
0.00
5.08
0.00
0.18
0.00
0.00
0.00
0.00
5.02
0.29
0.95
11.35
0.10
9.45
3.31
0.05
0.74
0.00
0.00
0.04
0.16
2.24
1.14
0.30
2.56
12.09
50.64
4.80
2.85
0.06
35.14
1.55
3.10
7.91
4.65
0.09
0.50
2.23
7.02
20.28
24.04
11.92
4.71
4.22
3.10
1.31
14.01
2.75
0.04
2.14
18.17
0.00
0.00
0.00
0.00
0.00
0.00
0.00
0.00
0.00
0.00
0.00
1.39
0.01
0.00
0.00
0.00
0.00
0.59
10.68
1.61
0.03
0.11
0.58
1.38
8.83
0.96
3.60
17.83
5.06
9.43
0.06
0.00
0.03
0.00
0.00
0.00
0.00
0.03
0.00
0.00
0.21
2.30
1.16
0.64
4.93
9.17
4.27
0.41
0.84
0.93
5.38
2.20
1.82
8.98
0.15
0.04
0.58
2.42
3.04
0.00
0.00
3.15
7.12
1.59
10.63
4.82
4.29
5.68
0.61
0.42
1.46
0.48
6.62
4.48
5.06
1.46
9.78
0.00
1.38
0.00
0.00
0.02
0.00
0.00
0.01
0.89
1.34
4.92
3.14
1.88
8.80
2.18
0.15
0.43
6.80
1.98
2.41
0.04
0.24
5.74
3.88
0.22
0.00
0.20
0.00
0.00
0.40
0.42
0.00
0.00
0.59
3.15
0.01
10.14
6.46
11.06
5.11
3.95
6.65
1.77
1.56
2.14
7.40
1.33
8.47
18.18
4.30
4.16
0.30
0.04
8.39
8.74
24.84
15.19
7.38
12.92
0.94
0.05
0.37
0.06
7.20
2.49
7.64
1.18
0.36
5.02
1.52
4.05
0.12
0.03
1.82
1.17
0.00
0.96
0.64
0.98
2.74
4.26
0.24
8.18
0.12
0.04
0.00
0.00
0.00
2.27
12.19
2.48
0.67
3.94
6.01
4.55
8.22
12.38
7.17
0.98
0.00
0.00
4.95
3.17
2.62
0.07
1.44
0.00
0.00
0.00
0.00
0.00
0.18
7.35
6.97
13.25
6.90
0.26
8.13
4.04
1.39
0.00
0.00
0.00
0.00
0.00
0.00
0.00
0.00
0.00
0.01
0.00
0.00
0.22
0.40
0.00
0.04
2.07
0.04
0.00
0.00
0.00
0.00
0.00
0.00
0.24
0.00
1.26
0.00
0.00
0.00
0.46
0.32
0.00
0.00
0.00
0.00
0.00
0.00
0.00
0.00
0.00
0.00
0.00
4.41
4.20
6.57
4.84
6.54
7.16
12.17
2.25
0.27
0.80
16.32
0.00
1.06
1.25
0.02
0.00
0.00
0.00
0.00
3.23
10.39
15.56
16.73
2.69
0.00
0.00
0.00
0.25
0.00
0.00
2.23
0.00
0.00
0.00
0.00
0.00
0.00
0.03
0.03
15.66
12.75
12.96
1.19
2.74
0.01
2.70
17.03
4.40
5.05
0.84
2.17
38.94
1.52
1.45
3.28
0.65
5.58
4.41
8.26
3.56
0.33
17.29
7.92
0.00
0.00
4.68
16.22
1.56
1.69
0.69
0.11
0.00
0.00
7.37
0.00
2.35
3.79
9.69
17.60
26.45
0.13
14.90
0.87
3.83
10.76
11.58
0.31
0.00
5.88
0.00
0.00
0.00
0.00
0.02
0.44
0.00
8.75
9.02
0.00
0.22
2.85
3.45
4.71
2.73
0.01
2.79
0.03
4.62
8.36
0.01
0.00
0.00
0.04
2.08
0.05
0.94
9.47
5.71
0.05
9.51
1.10
0.00
0.66
0.00
0.08
0.50
2.79
10.05
0.24
0.02
0.00
4.13
0.00
0.01
7.82
0.98
0.95
3.62
0.01
0.00
0.00
2.53
0.37
0.14
3.84
20.79
17.28
6.23
0.17
0.00
0.01
1.07
0.00
0.00
0.00
0.00
0.00
0.00
0.23
0.02
0.00
0.02
0.00
0.03
8.30
0.02
0.07
0.85
0.00
0.00
0.04
0.00
0.00
0.00
0.00
1.83
10.69
0.88
0.03
0.56
0.76
0.58
0.00
7.58
5.62
7.30
7.06
4.21
8.22
8.72
0.58
0.61
4.10
1.01
0.17
0.54
0.01
1.23
0.00
0.01
0.00
0.44
8.02
1.19
0.00
0.00
0.02
3.56
10.84
2.74
16.51
10.48
1.00
5.03
17.84
24.19
5.00
1.19
1.82
1.30
0.00
0.00
0.00
0.00
0.00
0.00
0.00
0.00
0.00
0.00
0.00
0.52
0.00
0.03
0.02
0.18
0.02
1.31
0.31
0.00
0.03
0.01
0.00
0.00
8.02
0.03
11.28
0.00
0.87
2.11
2.55
0.32
0.00
0.00
1.84
0.00
5.16
12.83
0.05
9.61
20.94
0.00
5.11
9.67
0.03
5.76
1.38
0.00
0.00
0.83
2.92
2.13
1.39
0.00
1.14
6.38
2.46
0.00
0.00
0.00
0.00
0.00
0.00
0.00
0.00
0.00
0.00
0.01
0.06
0.23
0.00
1.52
3.33
0.18
5.63
0.00
6.51
1.05
0.00
17.70
5.84
3.95
9.14
4.07
0.63
7.97
0.01
0.99
0.31
0.00
9.19
10.17
0.66
3.40
0.00
0.01
1.11
0.06
1.27
13.19
2.23
0.32
0.08
1.89
1.83
0.01
0.00
4.70
3.28
0.04
0.00
6.90
3.12
0.02
4.10
6.52
3.94
0.22
0.25
0.00
0.00
2.82
0.28
0.52
0.04
1.78
0.21
2.42
0.00
0.00
0.00
0.00
0.00
0.00
0.66
0.00
0.00
0.00
6.18
2.45
2.00
1.20
0.00
0.00
0.00
0.00
0.00
0.00
0.00
0.00
0.00
0.00
0.00
0.00
0.00
0.00
0.00
2.31
0.00
0.02
0.00
0.00
0.00
0.00
0.00
7.09
0.00
0.00
0.00
0.00
0.00
0.00
0.00
7.02
2.03
0.00
0.00
0.00
0.00
0.00
0.00
0.03
1.58
1.02
3.15
0.95
3.72
0.45
0.00
0.00
5.58
11.97
1.11
2.95
0.06
0.00
0.21
1.73
9.58
5.11
0.04
0.00
0.00
0.00
1.86
6.33
0.00
3.44
5.84
9.18
8.89
1.92
0.02
3.44
0.01
0.06
7.37
1.80
3.94
5.83
14.44
5.62
21.97
0.00
0.00
0.00
0.00
0.00
0.00
0.00
0.76
0.03
0.00
2.92
4.41
19.91
7.96
0.09
4.03
7.40
10.71
4.57
2.59
0.82
0.56
5.31
3.13
0.09
0.00
1.21
0.56
0.00
3.97
2.47
20.78
39.25
2.59
1.64
2.53
0.88
3.71
1.12
0.00
0.00
3.12
3.63
0.53
0.01
4.09
1.29
0.02
6.97
1.11
0.09
0.00
0.02
0.00
0.87
0.03
1.29
0.00
0.00
0.00
0.00
0.00
1.22
1.12
0.00
0.00
0.01
0.00
1.12
0.63
23.15
27.45
10.94
9.53
10.99
16.70
0.27
0.00
0.08
0.00
0.00
0.00
0.04
1.04
1.73
11.75
16.38
0.68
1.61
0.02
0.23
2.33
0.27
0.00
2.10
0.01
12.62
2.34
0.39
0.00
0.06
0.24
1.82
0.00
0.01
0.00
0.55
0.02
0.18
0.00
3.46
10.71
7.69
1.09
2.76
2.97
1.98
2.62
0.85
4.29
12.48
1.85
0.79
0.00
0.01
0.00
0.00
1.43
0.45
0.00
1.64
1.94
0.79
0.94
6.65
0.89
1.70
1.38
1.65
0.01
4.02
0.06
4.40
0.02
0.00
0.00
0.00
0.00
1.36
4.92
3.29
0.00
1.52
0.00
0.75
0.06
0.09
0.00
0.02
0.00
0.00
0.00
0.00
0.18
0.00
4.14
3.01
0.20
0.67
0.00
0.00
0.00
0.00
0.00
2.40
1.48
3.25
0.02
0.00
1.41
7.13
2.18
0.00
0.00
2.47
4.26
1.52
0.00
0.00
0.00
0.00
0.00
0.00
1.69
0.01
0.00
0.00
2.47
0.84
0.02
2.20
0.89
2.09
14.46
0.00
0.03
3.01
0.00
5.35
1.98
0.00
0.02
2.49
2.14
11.75
2.76
0.02
0.18
3.47
0.89
0.30
2.63
0.99
0.30
0.00
0.00
0.00
0.94
0.76
8.62
5.37
2.64
0.01
6.01
0.00
2.61
1.02
0.20
0.00
0.00
0.00
0.00
0.01
1.42
13.45
0.51
1.61
6.37
0.90
5.93
0.87
0.00
0.00
0.00
0.00
0.00
0.00
0.00
3.14
3.54
2.18
0.00
0.00
0.00
0.00
0.00
0.00
0.00
0.01
0.01
0.01
0.00
0.00
0.01
6.82
0.00
0.00
0.00
0.00
0.10
4.68
5.04
0.00
0.00
0.00
2.25
2.40
9.54
1.40
0.62
3.22
0.00
0.00
0.00
0.02
0.00
0.00
8.82
0.63
0.68
0.16
0.44
0.00
11.66
2.14
0.00
0.00
0.00
4.73
5.38
0.00
0.00
0.00
0.00
0.00
0.00
3.64
0.53
0.09
0.71
10.69
2.19
8.71
3.95
24.48
1.81
0.00
0.18
0.00
0.00
0.41
0.26
6.70
4.48
5.50
0.00
0.00
0.00
3.50
0.01
0.00
0.00
0.00
0.00
0.00
0.00
0.77
0.06
0.04
1.71
0.02
3.13
5.34
6.98
1.65
4.47
1.09
0.73
3.07
0.00
10.53
5.49
2.65
2.20
0.01
10.37
6.62
11.50
5.66
0.00
2.15
0.44
3.08
3.86
0.00
0.00
0.14
0.00
0.00
0.00
0.00
0.00
0.01
35.22
0.22
1.35
2.76
0.00
0.18
0.00
0.00
0.21
0.07
0.00
6.59
0.01
0.23
0.00
0.00
0.34
0.00
0.00
1.33
26.11
5.60
0.00
2.44
0.04
7.81
6.20
9.62
0.47
0.22
0.00
0.00
0.00
0.00
1.08
0.48
2.81
0.00
0.00
0.00
0.00
0.00
0.00
0.00
0.29
0.39
0.39
0.49
0.00
0.00
7.45
1.08
1.44
2.18
4.35
11.32
9.97
0.01
5.84
1.75
0.70
0.00
8.58
8.89
0.31
0.07
0.00
1.56
7.49
1.45
0.04
0.00
0.00
0.00
1.32
0.45
3.83
0.86
4.89
0.44
4.71
2.04
0.00
0.20
19.53
3.77
2.35
4.56
8.28
1.51
0.57
0.29
6.33
3.70
3.55
0.44
7.51
0.65
3.47
6.79
0.00
15.22
0.00
0.92
1.16
4.85
11.20
3.67
2.12
3.40
5.36
5.51
1.07
0.31
0.00
0.15
2.89
5.42
1.66
6.27
0.00
1.21
1.24
27.15
2.32
0.60
0.62
0.94
0.00
0.04
0.55
4.03
0.49
4.06
2.00
4.13
0.00
1.08
13.24
2.88
0.90
0.99
0.00
0.01
0.01
0.04
0.98
0.00
0.66
2.11
0.00
0.77
1.07
1.50
1.73
2.32
0.00
0.00
0.00
0.00
0.00
4.02
6.62
0.12
0.03
0.00
0.00
0.00
0.00
0.00
0.00
5.89
0.00
8.09
2.16
9.69
1.34
18.06
4.97
0.19
0.00
0.00
0.00
0.00
0.91
3.24
0.00
0.05
5.61
0.93
0.00
0.00
0.00
2.55
0.38
0.86
6.26
11.04
0.00
7.11
5.14
3.58
3.17
11.61
0.48
2.68
0.81
0.01
13.29
0.03
0.34
0.00
0.00
0.00
0.31
0.90
0.59
3.92
2.64
0.20
0.02
0.00
5.16
7.11
0.34
1.39
0.00
0.00
0.00
27.21
0.67
2.88
0.00
17.95
0.18
1.99
0.00
3.00
3.29
0.30
0.00
0.00
0.00
0.00
0.00
0.21
0.00
0.00
0.00
0.00
0.00
0.00
0.00
0.00
3.56
4.07
0.00
0.00
0.00
0.01
2.16
0.00
0.00
2.30
1.04
1.84
5.66
7.23
0.00
0.00
4.74
1.97
0.22
0.02
0.00
4.77
5.21
0.00
0.00
5.95
0.10
0.00
0.02
0.42
0.00
0.00
0.00
0.92
1.86
0.00
0.00
1.00
0.31
2.01
12.65
2.22
0.02
0.00
0.00
0.00
0.00
17.20
2.18
5.80
0.98
12.84
14.29
1.63
0.00
0.00
0.00
0.00
0.00
1.07
1.80
3.38
0.00
0.00
0.00
0.00
0.00
0.00
0.00
0.00
0.00
0.00
0.00
0.00
0.02
0.00
0.03
3.25
0.03
0.00
0.00
2.80
0.33
13.90
0.00
5.26
0.36
6.70
0.02
0.00
3.31
0.00
7.21
0.21
0.16
0.00
0.69
0.42
0.00
4.35
8.61
0.02
3.21
1.96
0.20
0.02
9.59
1.88
0.00
0.43
0.48
0.02
1.78
0.27
3.47
0.62
0.25
8.58
2.39
38.16
4.41
1.89
0.00
1.69
15.91
4.96
8.99
8.29
1.99
6.53
3.56
26.29
3.79
2.29
0.69
0.00
0.03
0.03
0.00
0.00
0.02
1.78
3.90
0.67
0.01
1.81
16.69
16.89
6.74
14.40
9.57
2.15
5.09
8.12
0.00
0.00
0.02
3.57
10.97
13.76
0.31
0.00
0.00
0.00
0.00
0.48
0.37
0.00
0.00
3.00
0.06
0.00
0.00
0.00
0.00
0.00
0.00
0.18
6.52
1.21
0.00
3.14
1.27
7.63
19.63
0.78
6.10
0.99
1.16
0.01
5.05
2.51
0.00
2.46
3.61
0.00
5.29
8.72
52.87
13.14
1.94
0.00
7.45
0.87
1.18
5.37
8.94
2.03
12.45
0.01
1.51
1.37
14.27
2.91
0.00
0.16
1.62
3.10
0.01
0.99
3.02
0.00
0.02
1.77
2.03
0.34
6.13
0.01
7.10
5.38
0.00
0.00
0.04
0.03
13.90
1.49
0.75
2.45
0.00
0.01
9.91
0.00
0.32
0.32
0.26
0.00
3.41
3.37
0.00
0.01
1.46
1.39
0.00
0.00
0.70
1.25
0.00
0.00
0.03
0.00
6.85
8.69
2.16
2.28
0.01
0.00
1.64
0.86
7.15
13.07
3.52
0.17
6.57
0.37
0.71
0.00
3.06
0.18
0.00
5.23
1.04
0.46
0.00
0.00
0.00
0.00
0.00
0.04
1.72
8.68
36.18
15.05
14.43
0.24
0.00
0.00
3.62
0.22
1.28
0.16
0.21
8.54
0.00
0.00
0.01
0.00
0.00
0.00
0.00
0.00
0.00
0.00
0.00
0.00
0.00
0.00
0.00
0.00
0.00
0.00
0.00
0.00
0.00
2.38
5.51
0.00
0.01
2.54
4.38
0.00
0.00
0.00
0.02
0.00
0.00
0.00
0.00
0.00
0.00
0.18
0.00
0.00
0.58
0.01
1.32
4.37
0.41
0.00
1.44
0.02
0.66
0.26
0.00
0.00
0.00
0.00
2.28
0.98
0.00
0.00
0.00
0.00
0.00
0.00
0.00
0.00
0.00
0.00
0.00
0.00
0.00
0.01
0.00
0.00
0.00
0.00
0.00
0.00
1.78
0.00
0.00
0.00
0.00
0.00
0.00
0.31
0.86
4.60
0.00
2.74
4.05
11.33
2.06
0.01
0.76
0.00
0.00
4.03
0.51
1.78
0.00
4.13
0.75
8.15
0.24
0.00
3.49
0.00
0.00
0.00
0.00
0.29
4.61
1.01
22.95
0.00
0.00
0.18
0.01
1.32
0.00
1.36
12.58
5.35
5.67
15.76
5.06
3.93
12.12
12.62
0.51
0.85
0.00
0.00
0.00
8.11
0.08
0.00
27.48
1.12
0.02
0.02
8.22
16.08
2.97
0.41
0.00
0.00
2.45
18.97
7.27
1.42
2.53
1.38
0.65
0.00
0.00
0.00
18.88
7.69
13.77
1.26
0.31
0.00
0.00
3.29
1.56
2.67
0.00
0.00
0.02
2.09
0.21
12.45
0.81
19.45
12.41
20.01
10.54
2.65
0.00
23.87
0.03
0.02
0.18
5.63
1.14
0.64
0.13
0.49
6.84
1.34
0.00
19.12
3.67
1.34
15.45
6.06
13.72
0.00
0.00
0.00
10.19
0.25
16.98
14.61
13.97
0.44
4.61
1.22
0.97
0.32
23.99
0.77
0.17
7.48
1.22
0.03
0.00
0.38
0.53
0.00
0.00
0.00
2.58
0.00
0.00
0.00
0.00
0.00
0.00
0.00
0.00
4.75
15.38
5.23
0.07
6.08
10.89
2.15
0.00
0.00
0.00
0.00
0.00
2.05
7.02
8.03
0.95
0.00
0.00
0.00
0.00
0.03
0.00
0.00
0.00
0.00
1.30
0.00
0.00
0.00
0.00
0.00
0.00
0.00
0.00
0.00
0.00
0.00
0.00
0.00
0.00
0.00
0.00
0.00
0.00
0.00
0.00
0.00
0.00
0.00
0.35
0.00
3.33
3.69
2.97
0.00
0.19
0.01
10.17
2.24
14.47
8.71
14.46
7.96
14.80
12.17
6.27
16.18
0.00
2.20
7.11
4.12
5.59
14.14
1.82
1.09
0.63
2.71
1.46
4.30
6.53
2.78
1.57
0.02
2.86
1.44
32.94
0.21
2.70
14.26
0.61
19.80
25.33
4.99
1.58
7.93
0.83
4.45
0.55
0.54
3.88
0.15
0.00
0.05
0.71
0.01
7.30
3.41
1.69
10.27
10.35
1.99
0.01
0.00
1.47
0.89
0.80
0.01
0.00
0.00
0.02
2.69
0.59
0.04
0.00
0.20
0.44
0.00
0.35
0.00
0.37
0.20
0.66
2.18
0.00
8.15
0.27
5.92
0.38
5.14
4.19
4.90
0.54
0.15
0.48
0.00
1.56
0.24
0.05
0.00
0.00
0.16
0.01
0.00
0.00
8.77
0.00
0.46
0.01
0.00
0.00
0.00
0.00
0.00
0.00
0.51
0.05
0.02
0.01
0.00
0.00
0.00
0.00
0.00
0.00
0.00
0.00
0.35
0.64
0.62
1.99
0.82
1.76
0.02
0.00
5.20
0.22
0.23
4.63
2.54
0.09
10.39
0.04
0.91
0.53
0.05
0.03
0.02
0.68
1.12
1.68
2.26
0.74
9.63
0.98
0.04
1.24
1.83
0.00
0.00
0.00
0.00
0.04
0.75
0.00
0.61
1.81
0.01
3.40
11.24
0.17
1.02
0.00
0.00
3.67
1.83
0.03
0.62
0.01
0.00
0.00
0.21
0.00
0.00
0.00
0.40
0.00
0.00
0.00
0.00
7.74
0.35
0.32
0.02
0.01
0.00
2.49
5.43
7.59
0.84
0.78
1.15
1.55
0.00
0.00
2.17
20.49
0.17
3.77
0.00
0.00
1.53
2.11
1.18
29.71
2.57
0.00
2.01
0.36
22.18
0.05
8.19
0.00
0.00
0.00
0.58
4.57
0.61
8.91
4.90
3.45
3.83
0.99
1.83
2.77
2.08
11.91
0.50
18.98
20.71
0.38
0.01
0.00
0.00
0.00
0.00
0.00
0.29
9.88
4.82
4.87
0.57
0.00
3.36
9.34
4.23
10.34
5.31
21.62
17.31
0.20
0.22
0.00
0.00
0.00
0.00
0.03
10.65
0.00
0.00
0.39
0.00
4.75
3.31
0.95
1.21
1.90
1.00
0.27
0.54
2.15
0.04
0.01
0.00
0.62
0.00
0.18
0.30
0.01
9.69
0.47
0.00
0.40
10.23
1.95
0.00
6.22
0.32
0.00
0.22
4.29
6.49
0.65
4.91
7.39
0.20
11.02
1.89
7.71
7.86
0.31
8.09
0.00
1.15
0.02
3.26
2.22
12.83
4.74
1.32
0.70
1.74
1.86
0.00
15.28
2.39
0.53
0.28
2.36
0.91
0.01
0.00
0.00
0.01
0.54
0.32
0.33
1.14
0.02
0.50
0.00
8.24
0.23
0.00
3.64
2.17
2.70
1.92
0.88
6.65
0.26
5.76
0.70
2.52
0.04
0.58
0.01
0.00
0.00
0.00
0.19
1.10
0.00
0.00
0.33
0.02
3.54
0.79
2.35
1.88
0.18
0.81
3.09
7.92
0.96
0.35
10.86
19.95
4.08
0.00
0.00
7.51
17.04
5.04
0.00
0.00
0.85
10.25
0.37
2.89
1.83
5.86
0.20
0.00
0.00
1.71
12.02
1.91
11.39
4.78
6.02
4.26
0.19
10.31
5.75
4.83
2.54
0.75
4.24
0.81
0.53
1.41
4.45
6.47
2.98
0.36
0.00
0.28
1.49
0.00
0.00
0.49
0.25
0.00
0.01
0.01
0.00
0.00
0.00
0.00
4.69
8.76
5.36
15.19
14.64
8.94
0.90
0.02
7.34
10.20
6.34
3.01
0.06
2.18
0.00
0.00
0.01
0.34
0.00
0.00
0.03
0.00
0.00
6.31
0.05
0.00
0.03
0.19
0.70
1.53
0.01
0.00
0.00
0.00
0.00
0.26
0.00
0.00
0.00
0.00
0.36
0.51
5.03
0.55
0.19
0.02
0.56
0.07
0.00
0.02
2.97
1.44
1.00
0.37
0.58
0.05
0.01
0.00
0.15
0.16
0.00
0.51
0.75
0.35
0.00
0.00
0.00
0.00
0.00
0.00
0.00
0.01
0.00
0.23
2.69
2.26
3.43
0.13
0.00
0.18
0.00
0.21
0.00
0.04
0.00
0.29
0.19
0.00
0.01
0.49
8.50
0.00
0.00
0.57
0.00
0.00
0.00
0.00
0.00
0.00
0.00
13.15
2.25
1.16
0.33
0.48
0.42
9.58
0.40
12.42
0.01
0.50
1.52
0.19
7.28
46.67
9.46
3.54
0.31
15.09
7.43
0.01
1.53
4.25
2.96
0.07
0.00
0.00
0.00
0.00
0.00
0.00
0.00
0.00
0.00
0.00
0.00
5.70
15.22
0.01
8.44
1.18
0.04
0.00
40.68
9.11
0.95
5.44
1.67
3.09
1.61
0.04
7.56
8.14
1.60
3.10
0.05
0.44
1.58
1.34
0.00
0.00
0.00
0.00
0.00
0.00
0.00
0.00
0.01
0.00
0.00
0.00
0.00
0.00
0.00
0.00
0.00
0.00
0.00
2.96
0.01
0.10
8.02
0.04
6.89
6.38
0.79
1.55
0.00
6.47
0.00
0.02
0.00
10.50
0.03
0.34
2.37
5.75
0.18
4.52
0.07
0.46
2.87
0.53
5.75
0.26
0.00
0.00
0.00
0.00
0.00
0.00
0.00
0.00
0.00
0.01
0.37
3.29
13.26
3.57
0.03
0.01
0.00
0.01
0.37
2.09
15.87
2.39
0.72
0.36
0.02
7.31
6.57
0.75
3.55
0.06
2.44
0.04
0.00
0.00
2.06
1.46
12.05
0.26
1.15
0.00
0.00
0.00
0.00
0.00
0.00
0.56
0.00
0.00
0.00
0.29
5.60
0.62
0.01
13.17
0.00
2.49
3.26
0.34
11.25
0.00
4.43
10.50
0.20
0.58
1.41
0.00
1.82
0.02
2.92
7.89
2.18
0.49
6.27
2.24
7.51
0.46
16.15
2.31
9.30
0.57
2.72
9.88
0.08
0.01
2.26
0.01
0.61
0.00
0.01
0.01
0.54
0.05
0.00
0.48
0.00
0.21
0.00
0.00
0.50
1.41
0.00
14.51
0.03
0.49
0.00
0.00
2.48
11.37
7.91
2.13
11.12
1.98
0.00
0.00
0.00
3.20
0.85
2.94
0.74
0.01
0.01
4.39
0.42
4.26
2.18
0.20
9.95
0.31
2.67
4.75
0.87
3.01
0.18
0.01
1.77
1.65
3.74
0.00
1.30
12.10
4.18
4.16
10.68
3.02
5.43
0.04
3.89
0.00
5.22
10.25
2.82
0.17
0.00
0.08
1.12
0.00
0.29
0.00
0.00
2.39
0.19
0.00
0.32
0.18
0.00
3.46
0.00
0.00
0.00
0.00
3.07
7.85
1.58
5.11
0.23
0.21
2.20
3.74
1.46
1.44
1.77
0.00
1.87
3.85
5.81
4.32
0.19
0.00
0.00
0.00
0.00
0.01
0.86
1.57
0.00
0.00
0.04
0.00
0.00
0.01
0.00
0.00
0.00
0.00
0.00
0.00
2.02
1.93
0.37
0.02
2.96
0.19
0.19
10.10
2.12
0.00
0.08
2.01
0.22
0.00
0.00
0.00
0.00
0.00
0.00
0.00
0.00
15.73
1.15
7.51
0.21
6.39
0.55
0.02
0.02
1.29
6.36
1.07
0.00
0.00
3.46
1.47
0.00
0.34
0.36
15.41
0.01
0.00
0.00
0.00
0.00
0.00
0.00
0.00
0.01
0.01
0.00
0.00
0.00
8.22
3.87
15.47
20.28
5.01
10.98
1.24
1.07
0.00
0.00
0.00
0.00
1.27
0.00
0.00
0.00
15.25
5.41
0.60
0.00
0.00
0.30
0.00
0.00
0.00
0.00
0.00
0.00
0.00
4.00
12.19
0.00
0.03
1.46
0.54
0.08
0.75
0.58
0.12
0.00
0.00
0.08
0.00
0.00
0.78
2.38
1.41
0.00
1.72
1.46
0.74
2.90
0.79
2.98
1.91
1.91
8.21
0.21
0.00
0.00
12.29
1.20
0.00
28.11
0.00
0.00
0.00
0.26
15.94
1.64
0.05
0.00
0.00
0.00
0.00
1.36
0.00
0.00
0.00
0.03
4.01
8.82
0.04
0.00
0.00
0.00
0.10
0.00
0.02
1.91
0.41
0.03
0.03
3.08
0.00
3.85
0.95
1.10
5.99
0.97
15.87
1.36
8.80
7.06
6.33
14.08
6.62
0.81
5.01
0.81
2.54
5.06
0.00
0.00
0.02
1.11
12.91
1.92
2.86
0.00
0.00
0.00
0.00
3.06
0.28
0.01
4.08
0.09
0.00
0.00
0.24
9.63
0.00
0.00
0.00
0.00
0.00
0.08
0.70
0.01
0.00
2.40
4.63
0.38
0.00
0.00
0.74
0.95
0.01
0.00
0.00
0.00
0.00
0.00
12.54
1.91
0.00
0.02
14.05
4.95
4.22
0.22
1.09
0.55
0.22
0.01
14.74
4.54
11.53
0.10
0.00
1.98
0.99
0.00
0.00
0.00
0.31
0.00
0.00
0.00
1.97
1.59
10.43
2.05
0.01
0.42
0.00
0.01
0.79
0.00
0.41
0.01
0.00
0.00
2.05
0.00
0.01
0.34
0.00
0.00
3.37
3.52
4.55
0.01
0.00
0.00
0.00
0.00
0.00
0.00
0.00
0.00
3.05
0.19
0.20
10.31
0.50
3.29
3.01
11.59
14.06
0.87
2.07
1.68
3.52
3.30
22.21
16.90
11.33
14.95
29.84
22.70
7.97
9.13
0.03
0.00
0.74
2.42
0.82
0.31
7.18
1.41
3.83
0.00
0.02
0.39
1.10
8.55
9.97
6.11
5.81
18.68
13.92
1.32
9.41
0.01
0.00
4.77
0.37
0.51
0.00
0.00
0.00
4.48
0.08
8.86
0.01
12.39
0.58
0.01
0.00
0.51
0.25
0.28
0.60
0.00
0.02
0.72
0.28
0.03
0.00
0.00
0.00
0.00
0.00
0.00
0.00
0.00
0.00
0.01
8.53
6.79
1.02
3.14
0.89
0.58
2.07
3.15
4.64
4.80
3.65
7.10
3.67
0.00
0.00
0.00
0.00
1.69
0.00
0.00
0.00
0.00
0.02
0.00
0.00
0.00
0.00
0.00
4.94
1.63
0.00
0.00
0.00
1.60
1.21
1.73
8.27
14.13
10.13
6.31
4.20
0.96
0.00
0.00
0.01
0.00
0.00
0.00
0.00
0.00
7.32
0.59
0.00
0.01
0.01
0.29
0.00
0.00
0.00
0.00
0.00
0.00
0.00
0.00
15.82
1.29
0.00
0.85
0.40
2.91
0.01
0.00
8.27
1.89
10.43
0.62
3.03
0.12
3.30
0.00
0.00
1.50
0.00
0.00
0.00
1.18
0.10
7.75
7.71
2.98
0.44
0.21
0.62
0.18
0.33
1.79
0.00
6.06
4.79
5.41
5.02
2.22
0.67
0.00
0.00
1.45
0.00
0.00
0.00
0.00
0.00
0.00
0.00
8.35
0.00
0.00
0.00
5.55
3.08
1.14
0.00
5.59
1.33
0.29
0.04
0.02
0.01
0.78
1.63
0.00
0.00
0.00
0.00
0.03
2.49
4.69
0.00
2.84
8.06
0.09
0.00
0.00
2.29
0.95
1.16
1.07
0.00
2.82
0.00
6.09
3.77
1.53
0.00
1.05
14.44
11.11
0.79
7.11
13.19
19.45
6.97
0.00
0.00
0.00
0.00
6.72
0.00
0.00
4.36
0.08
0.00
18.30
0.00
0.00
0.00
0.87
5.85
11.06
2.68
3.01
0.05
0.00
0.00
0.00
0.02
0.01
8.42
2.45
5.16
0.63
0.00
0.23
0.51
0.21
0.19
0.02
2.11
15.11
0.27
0.00
0.00
0.00
0.94
1.51
5.59
15.52
12.40
5.19
2.28
5.30
0.10
5.88
2.90
1.37
4.93
0.00
2.18
0.00
0.00
0.00
0.00
0.00
0.00
0.00
0.01
0.00
0.00
0.00
2.28
25.21
4.51
0.60
0.00
0.00
0.00
0.23
3.67
1.19
10.94
8.18
3.99
0.01
0.00
0.49
1.02
0.00
0.19
0.00
0.00
0.00
0.00
0.00
0.00
0.00
0.00
0.16
0.00
0.00
7.78
11.08
9.95
5.14
5.39
0.07
1.75
0.30
12.48
21.54
20.87
2.49
8.94
9.32
10.64
12.60
6.65
2.76
0.18
7.19
1.22
0.00
0.62
5.81
8.63
4.81
2.37
0.00
1.53
0.91
0.00
0.97
0.29
3.61
0.01
4.04
11.13
21.04
0.00
0.04
0.00
3.33
1.04
0.10
0.00
1.20
6.26
6.42
0.15
0.33
2.00
5.70
0.33
0.00
0.00
0.00
2.80
0.05
0.00
0.00
0.00
0.01
0.00
7.26
5.76
0.00
9.33
5.73
5.67
1.32
1.94
0.03
6.01
0.01
0.00
0.82
0.66
0.00
4.05
0.08
4.50
0.03
4.05
10.00
0.32
8.75
11.47
6.93
4.94
1.01
4.77
3.78
5.62
0.01
0.64
10.28
17.16
2.90
13.78
4.11
0.00
9.92
0.00
0.00
0.83
0.00
1.42
9.49
19.14
1.13
0.40
1.12
1.76
0.65
0.00
0.00
0.00
7.10
7.00
1.11
3.80
3.43
0.42
0.01
0.51
0.00
0.00
0.00
0.00
0.00
0.00
0.00
0.00
0.00
0.00
0.00
0.35
1.77
0.08
0.00
1.38
2.36
0.00
2.95
1.00
7.77
1.55
0.00
0.00
0.00
0.16
0.76
9.32
1.60
1.12
2.45
0.00
0.00
1.81
0.06
1.81
1.17
2.31
0.98
0.20
0.30
0.30
0.00
0.00
0.00
0.39
2.26
15.12
3.92
2.83
0.65
4.82
2.61
0.00
0.03
0.73
0.00
0.00
0.00
0.00
0.00
0.00
0.00
0.00
0.00
0.01
2.58
9.28
0.22
0.01
0.03
0.00
1.26
0.00
9.67
17.97
0.58
0.38
3.10
0.00
0.00
0.85
1.31
0.20
0.00
0.07
0.00
0.00
0.06
0.02
0.71
0.00
0.00
0.00
2.61
6.28
6.38
9.29
4.06
0.07
19.25
0.07
0.00
10.95
0.01
0.20
7.37
4.28
15.31
0.00
4.37
2.16
8.70
3.22
9.85
6.23
3.38
0.99
14.45
0.37
0.50
12.06
0.94
4.41
0.02
1.86
4.75
1.24
0.94
0.98
0.06
0.20
0.00
0.03
0.48
9.94
0.00
0.89
0.24
0.00
2.88
0.88
2.85
0.88
0.88
1.93
2.76
15.06
0.06
0.62
3.64
0.89
4.95
3.90
8.06
2.50
1.26
1.50
0.76
0.00
0.00
0.00
0.00
0.86
4.11
2.02
5.84
0.01
0.00
0.00
0.00
4.81
1.24
0.20
0.00
0.00
0.06
0.37
9.19
5.87
0.42
0.00
0.00
0.00
0.00
0.00
0.00
0.00
0.00
0.00
0.00
4.69
0.02
0.00
0.00
0.00
0.16
0.65
0.84
0.00
0.68
0.04
0.00
0.00
5.00
0.29
0.06
4.07
4.99
0.04
0.00
0.06
0.07
0.36
3.94
4.53
4.57
1.02
0.00
0.00
1.37
0.01
1.21
3.94
0.23
3.40
2.33
4.55
0.03
0.00
0.00
1.81
0.02
0.86
0.04
0.45
1.49
3.24
2.02
4.82
0.37
2.74
0.25
1.04
0.88
0.00
0.26
0.01
0.00
0.00
5.39
1.12
5.67
17.03
4.12
0.03
3.57
0.41
0.00
0.00
0.00
0.00
0.68
0.00
0.00
0.47
4.08
0.41
0.00
0.00
0.00
0.00
0.01
0.18
3.78
0.25
18.21
2.60
0.07
2.87
0.34
0.00
0.00
1.72
0.19
0.00
0.00
2.96
0.59
2.14
12.59
4.00
3.14
0.00
0.00
0.00
0.00
0.04
1.36
2.90
12.25
3.02
0.00
0.00
1.34
0.00
0.17
0.19
11.22
7.94
2.08
0.23
0.01
0.00
0.00
0.00
0.34
0.00
0.00
0.00
0.29
0.00
0.00
0.00
0.00
0.73
1.94
8.66
0.00
0.00
0.16
1.19
0.01
0.07
0.05
0.03
0.02
0.00
0.00
1.24
0.00
0.00
0.00
0.00
3.07
1.12
0.01
2.44
3.43
14.45
4.00
13.47
0.36
8.54
2.05
0.67
1.42
2.41
1.79
0.35
1.17
1.68
0.02
0.00
1.68
5.31
0.00
0.00
0.00
0.88
0.07
0.00
0.00
11.57
1.48
17.32
11.16
1.09
0.00
0.00
0.00
0.00
0.00
0.00
1.30
0.99
0.00
0.19
4.11
0.00
0.00
0.01
0.32
0.00
0.00
0.00
0.00
0.83
5.65
6.64
1.59
4.27
2.61
2.76
8.11
0.13
0.00
0.01
1.64
2.87
0.99
2.07
12.87
5.01
0.79
2.50
3.04
0.00
0.00
3.88
0.00
0.96
3.31
0.00
0.01
0.03
0.44
0.29
0.00
3.36
1.04
1.41
2.33
7.42
0.00
0.29
36.85
0.00
0.00
0.00
0.15
0.00
0.00
0.00
0.00
0.28
2.67
0.00
0.00
0.00
0.00
6.58
2.49
0.00
1.66
9.34
1.86
9.02
0.77
1.66
0.49
0.05
0.00
3.16
0.29
0.00
0.00
0.00
0.00
0.00
8.83
1.37
21.17
0.02
1.00
1.10
4.84
34.27
33.04
1.98
1.95
7.33
3.03
0.00
0.34
6.31
0.02
0.00
5.41
9.30
6.30
0.00
0.07
0.17
1.68
0.00
0.00
19.29
1.21
0.00
9.85
3.30
1.61
11.38
0.00
1.20
9.95
9.33
1.34
0.00
0.75
3.56
7.51
1.10
0.50
1.51
0.00
3.77
0.00
0.00
2.28
10.58
0.05
0.45
13.87
0.00
5.17
1.11
4.28
6.59
1.13
0.00
0.00
0.55
0.00
0.02
0.00
0.00
0.33
3.84
0.20
2.44
0.93
0.00
0.00
3.64
4.43
1.85
8.67
6.06
1.07
0.63
5.34
9.92
0.88
0.08
0.38
1.96
0.16
3.11
4.95
0.00
0.00
0.32
0.16
0.01
0.00
0.03
0.13
0.27
7.86
5.07
8.56
12.54
40.94
35.28
3.00
15.87
0.01
4.08
4.43
6.58
0.61
0.00
0.31
0.00
0.00
0.00
0.00
0.00
5.25
0.93
5.11
21.17
10.35
0.51
1.04
0.22
3.58
0.19
0.00
2.37
12.98
0.19
0.00
0.18
1.78
0.01
0.00
0.00
2.28
6.60
9.02
1.12
0.01
2.43
0.45
1.13
1.10
12.12
1.13
0.64
7.45
2.26
1.60
2.57
3.14
7.06
11.56
6.44
1.02
0.03
0.35
4.52
3.73
2.78
0.13
0.00
10.99
11.98
6.94
1.52
12.47
0.83
18.43
2.84
0.28
0.37
0.00
0.03
2.23
0.62
0.00
0.03
2.08
2.19
0.02
0.11
0.05
6.07
1.40
5.85
13.77
2.01
17.13
12.14
8.08
5.00
0.11
0.00
0.00
0.00
0.19
4.09
0.24
0.00
0.00
10.78
5.66
3.24
13.96
1.99
0.00
0.42
1.17
3.77
4.69
0.47
0.22
4.08
4.79
14.22
0.07
6.82
1.24
1.13
0.57
1.76
0.00
0.00
0.00
0.00
0.00
0.17
5.30
5.39
0.00
0.00
2.41
0.00
0.00
0.00
0.02
0.00
0.34
0.58
0.00
0.03
1.52
0.19
0.81
0.00
0.00
0.00
0.00
3.25
0.00
0.05
9.64
8.25
0.96
3.39
0.79
6.06
0.09
0.00
0.17
0.01
0.01
0.00
0.07
0.00
2.23
0.37
0.28
0.00
0.00
0.17
0.01
13.32
0.40
0.00
3.60
0.61
5.03
3.85
4.08
2.90
0.00
0.00
0.00
0.00
0.00
0.00
1.13
1.27
1.01
2.88
1.60
0.00
0.00
0.00
0.00
0.00
22.44
0.00
7.61
4.95
0.48
0.22
0.29
0.02
2.94
7.61
0.00
0.00
0.00
0.00
0.00
0.00
0.00
0.00
2.36
0.16
0.00
0.01
0.00
0.01
0.00
0.00
0.05
0.26
0.00
0.00
0.00
0.00
0.00
0.00
0.00
0.54
1.23
0.00
0.01
0.00
0.03
0.25
0.00
0.00
0.00
0.00
0.00
0.00
0.02
2.01
0.00
0.01
0.00
1.38
0.00
3.86
0.28
2.75
0.18
5.44
7.06
1.13
1.90
0.04
0.02
0.00
0.00
0.00
0.00
0.00
0.00
0.00
0.00
0.00
0.00
0.00
0.00
0.00
0.04
0.91
1.00
0.00
0.00
0.00
0.00
0.00
0.00
0.00
0.00
0.00
0.00
0.00
0.00
0.00
1.34
0.00
0.00
5.23
0.00
0.00
0.23
0.00
0.00
0.00
0.00
0.00
0.00
0.00
1.04
4.93
7.89
7.75
0.01
23.55
2.80
0.01
0.00
2.47
0.00
2.21
0.22
0.00
0.00
1.39
7.87
2.66
0.60
2.48
0.28
9.19
5.00
0.01
0.00
0.00
3.84
0.00
0.00
6.14
4.19
0.04
0.00
0.55
4.98
2.80
0.00
0.78
4.08
0.00
0.00
0.00
0.00
0.00
8.79
4.36
0.28
1.79
0.00
0.05
0.38
0.02
0.00
1.47
4.91
5.76
0.07
1.14
0.00
1.00
0.00
0.00
0.00
0.00
0.00
0.00
0.00
0.00
0.00
0.00
0.00
0.54
0.00
0.00
0.62
1.40
6.85
0.45
1.10
9.26
0.42
3.05
0.02
2.53
0.02
0.01
0.17
0.00
0.02
0.00
0.00
0.22
0.01
1.36
3.71
2.92
1.85
0.57
0.00
0.00
0.00
0.00
1.02
1.39
0.00
0.00
0.01
0.00
0.00
0.01
0.39
0.00
3.04
6.05
0.26
1.14
6.37
5.00
0.02
0.24
4.86
9.85
9.57
3.88
0.61
1.38
0.08
0.61
0.02
0.00
0.33
2.54
0.04
1.04
2.98
10.93
2.26
5.04
0.24
0.46
0.05
0.07
0.36
8.15
0.00
0.57
0.50
0.00
0.20
0.53
0.02
0.57
8.61
1.17
0.06
1.32
0.04
4.90
3.76
0.65
5.31
3.41
2.25
0.05
0.00
0.01
0.19
0.00
0.00
0.01
2.64
7.63
5.28
1.54
0.16
0.16
0.00
0.00
0.01
0.01
1.54
1.28
13.12
4.23
4.12
4.04
25.96
0.06
0.01
0.04
0.00
0.00
0.00
0.00
0.72
0.84
0.85
1.89
0.00
0.00
0.00
0.00
0.00
0.00
0.00
0.00
0.89
9.49
7.98
1.30
5.57
8.15
5.48
6.35
3.51
7.10
4.43
15.23
7.51
3.49
12.49
6.17
3.26
0.00
0.03
0.01
0.01
0.00
2.55
2.80
0.36
1.11
0.00
0.00
0.00
0.00
0.00
0.09
4.00
0.00
0.00
0.00
0.00
0.00
0.00
0.00
0.01
0.65
2.61
0.02
0.00
0.00
0.00
0.00
0.00
0.00
0.00
0.00
0.04
0.45
0.00
4.22
3.11
4.28
2.40
0.00
0.00
1.12
1.49
0.51
1.00
0.64
0.64
10.73
1.00
1.60
0.00
0.00
0.00
0.00
0.00
2.05
0.00
0.00
0.00
0.90
52.18
0.12
0.00
0.00
0.00
15.44
0.01
0.00
0.00
2.29
0.00
0.00
0.26
1.24
2.52
0.00
0.36
5.81
0.07
0.24
9.30
7.92
6.72
0.03
6.02
16.02
0.88
0.00
8.26
9.44
0.32
0.01
0.00
0.00
0.00
0.00
0.00
0.00
0.00
0.00
0.00
0.69
0.57
0.00
1.47
0.69
0.34
0.22
0.27
0.00
0.01
6.39
3.89
2.35
0.00
0.01
0.00
0.00
0.01
0.01
12.13
0.00
1.10
0.00
0.00
0.00
0.00
0.00
1.31
15.20
7.90
2.65
0.01
22.89
0.70
0.01
0.82
0.03
0.96
4.53
3.44
1.43
0.00
3.82
4.45
7.58
10.14
1.10
5.10
2.47
0.47
0.08
0.09
0.00
0.00
0.00
0.00
0.00
1.00
3.96
0.68
0.00
0.21
3.63
3.20
8.02
4.54
3.70
0.31
0.85
0.34
8.00
4.01
4.97
1.59
0.13
0.00
1.57
0.59
1.65
0.02
0.00
0.01
0.00
0.00
0.02
0.01
0.56
9.74
0.48
7.35
21.30
7.69
7.32
2.17
0.01
5.64
0.07
0.00
4.15
6.38
0.21
7.11
10.90
4.10
5.54
0.82
13.04
6.54
4.70
3.96
2.45
5.01
0.02
0.01
0.00
0.44
0.26
3.12
2.21
0.30
0.01
0.00
0.00
6.06
5.22
2.75
7.94
4.83
1.43
3.21
0.00
0.02
0.20
0.00
0.75
0.37
0.00
0.00
11.36
3.06
3.78
1.43
1.38
2.91
0.00
0.00
0.00
0.63
0.18
6.38
7.28
0.00
0.18
0.18
0.22
0.20
0.00
1.14
15.24
3.33
5.66
1.32
0.53
2.11
0.17
2.16
3.46
3.45
0.32
2.27
0.00
0.00
6.54
0.00
2.38
1.57
6.45
1.02
0.97
0.00
0.00
0.00
0.18
0.00
0.00
0.17
10.51
2.02
0.90
0.51
0.65
0.87
9.26
1.05
0.28
14.92
3.61
8.15
0.83
0.00
1.60
0.81
0.01
0.00
0.39
0.19
0.00
0.27
0.20
1.07
3.29
8.10
20.02
5.66
6.44
1.98
0.71
1.48
0.82
0.00
0.19
0.00
0.40
19.20
14.46
19.98
7.06
6.30
0.05
0.03
7.87