20050101
119.82
248.56
146.79
68.51
158.00
218.95
37.88
122.37
124.00
260.33
170.49
272.77
222.14
221.49
316.28
389.07
123.28
136.93
211.35
110.60
261.72
425.49
244.81
276.81
379.05
378.53
240.37
143.42
225.42
152.05
164.58
604.26
135.74
460.68
236.07
567.33
626.53
630.49
641.05
371.39
107.49
474.55
83.88
310.37
702.95
276.40
391.23
429.95
127.14
411.99
272.42
450.00
415.73
239.56
315.81
247.35
340.95
926.51
621.79
274.19
414.81
1054.67
958.41
1033.77
1184.76
688.90
890.69
958.85
1169.46
361.74
364.98
649.51
1163.73
291.31
652.73
193.28
149.58
779.12
1595.02
1601.26
1371.11
560.82
1508.70
296.05
679.83
334.49
858.92
738.52
1727.88
1855.53
1920.00
1932.00
1963.00
1742.00
1448.00
1181.00
870.00
823.00
1701.00
770.00
1891.00
1963.00
414.00
638.00
1754.00
2012.00
2053.00
1004.00
1994.00
2383.00
2085.00
1021.00
2333.00
2457.00
2516.00
2223.00
406.00
2265.00
700.00
1472.00
1022.00
1414.00
-99.00
968.00
2203.00
1492.00
1273.00
1762.00
1370.00
1632.00
1970.00
1927.00
2066.00
1775.00
2724.00
1248.00
2145.00
2673.00
2255.00
1021.00
1693.00
2531.00
1787.00
2237.00
1515.00
2476.00
2791.00
2645.00
2801.00
1275.00
1281.00
1037.00
517.00
1686.00
720.00
1139.00
1785.00
2657.00
2797.00
2725.00
2093.00
1487.00
1942.00
1781.00
2647.00
2938.00
1775.00
889.00
3124.00
3035.00
2860.00
2264.00
2905.00
2960.00
2129.00
1613.00
3120.00
2986.00
2593.00
2872.00
2762.00
1511.00
2120.18
1240.23
2534.32
922.81
1828.46
1420.78
1323.26
2051.12
2713.84
2810.93
2881.32
2727.94
1877.80
1961.07
1521.02
1158.82
1282.22
1201.21
1232.19
264.88
1993.88
839.69
1715.31
1065.69
1144.52
1907.40
2143.65
1453.00
1019.84
1412.37
845.49
1304.92
1671.93
1712.64
801.28
1781.77
1694.25
1097.01
858.19
713.84
793.52
1206.65
1106.44
723.23
1416.78
1137.86
1643.08
2278.72
2093.37
1397.86
1511.13
1974.37
508.43
2032.96
341.19
1336.79
1490.65
1269.68
1955.84
1455.55
1975.16
1856.09
966.94
1946.95
1963.30
1842.84
1861.00
1537.26
1680.88
961.71
1414.93
365.42
1221.95
1547.42
622.65
690.77
1300.39
1527.89
984.46
723.72
1462.81
1392.28
1347.33
1435.84
1155.38
1093.23
596.30
466.02
722.58
391.79
1056.89
150.00
1138.00
1027.00
1134.00
1107.00
1087.00
1058.00
1006.00
494.00
780.00
1074.00
1028.00
1002.00
882.00
1005.00
1017.00
627.00
754.00
869.00
380.00
317.00
277.00
360.00
237.00
137.00
433.00
698.00
725.00
669.00
680.00
660.00
172.77
367.82
453.86
175.14
475.84
508.68
108.35
499.89
431.00
423.77
60.35
157.91
225.88
415.63
164.53
136.84
304.74
272.99
348.91
280.00
392.77
99.14
88.21
88.19
106.93
159.19
244.51
123.98
62.81
120.25
323.12
337.02
229.44
113.30
64.81
59.00
74.16
113.23
239.65
88.26
40.51
257.21
171.37
174.93
180.05
252.00
280.79
182.54
69.93
85.28
174.09
215.16
37.40
144.65
283.65
208.63
173.79
155.72
136.37
130.42
75.05
63.14
68.81
146.19
89.86
40.00
31.33
57.16
123.09
336.14
179.77
108.12
97.12
86.30
381.12
401.91
405.07
61.37
98.91
162.35
52.49
100.58
410.56
458.40
346.46
155.56
184.58
484.56
499.00
193.86
209.51
273.53
136.00
104.81
281.56
236.74
451.28
117.84
99.44
214.84
133.72
319.24
336.39
321.93
668.81
706.98
179.56
185.88
341.21
203.61
361.97
188.47
113.84
234.07
328.23
952.16
210.72
906.53
898.31
262.44
544.00
495.33
723.86
779.15
525.69
729.95
777.76
972.16
800.36
289.28
846.11
1432.42
1443.21
1386.86
469.02
500.07
568.46
582.56
531.51
758.85
1463.98
1306.77
1383.12
1337.40
297.65
397.44
739.70
991.15
334.18
301.19
245.30
597.94
534.77
656.46
1036.30
1208.88
967.73
1521.16
884.36
1021.38
1336.70
954.04
407.14
564.18
1183.36
1880.28
741.47
1184.99
1213.94
1240.00
936.54
1129.65
519.29
834.04
1397.32
1953.51
658.43
1547.17
1847.38
922.69
1010.89
2004.09
1639.69
2370.48
2241.16
2430.46
2009.95
2125.34
2367.65
2522.58
2551.65
2457.53
2117.16
1864.61
2140.33
1792.02
1139.18
1145.14
1167.22
751.28
784.86
1031.62
1185.42
1007.95
1530.35
1325.53
1698.69
960.51
1309.56
2002.93
1327.61
1634.62
1444.34
2443.95
673.00
1656.00
1644.00
2286.00
2680.00
2905.21
2829.46
2903.11
2983.16
2923.72
2845.21
2086.94
1644.34
727.78
1309.98
2426.77
1677.14
2130.00
1189.00
1702.84
1591.44
2360.56
2353.70
995.51
871.62
1374.34
2540.52
2644.26
2650.78
2906.67
2899.86
2935.95
2734.90
1883.52
2300.34
1657.19
1729.91
1762.45
1636.96
2798.74
2738.00
2756.53
2747.74
2806.69
2774.02
2807.56
2715.39
2032.03
2369.51
2344.14
2011.29
2280.48
2592.37
2638.11
1981.88
1234.50
1321.00
1646.61
1733.81
1559.13
1662.00
1633.67
2002.52
2066.62
2230.41
2060.84
1648.08
1230.93
1526.75
1225.11
1152.82
1470.44
280.76
1117.87
1510.13
1363.62
673.34
1916.72
1379.55
1126.21
985.36
985.99
1683.07
793.92
1202.55
868.97
1203.02
578.53
1387.39
1355.09
738.31
1260.21
511.69
1136.71
1526.34
1170.51
838.64
1595.81
744.95
1668.59
1786.93
1702.81
1607.04
1615.46
1598.93
1261.99
1400.02
562.04
637.28
1329.14
1504.39
1475.91
1378.72
1457.42
1343.00
730.19
779.88
878.86
763.60
834.74
772.00
634.63
508.00
666.81
787.28
228.51
683.42
304.91
1014.77
427.18
900.42
318.14
358.68
392.51
330.74
699.87
982.00
615.93
644.07
377.05
435.93
533.28
367.93
356.72
710.61
524.38
241.00
277.63
389.96
225.14
161.07
496.02
655.51
370.70
237.79
62.26
218.91
263.16
109.84
350.61
393.82
136.02
299.19
68.02
210.12
185.28
411.14
114.95
162.84
138.02
148.14
102.14
103.35
33.60
222.32
91.93
192.00
229.23
338.95
129.33
106.61
222.86
88.75
275.37
109.40
99.56
138.61
70.58
77.21
231.65
309.72
27.65
272.42
182.21
53.49
44.44
33.00
113.44
172.23
201.07
76.09
49.79
64.56
64.91
90.60
33.91
232.56
84.79
42.84
152.86
30.49
142.67
131.63
180.40
171.00
68.81
115.09
135.00
89.79
76.60
70.65
55.68
20.60
183.23
205.19
250.14
196.49
45.93
85.35
32.63
126.00
68.81
105.67
304.49
286.49
278.32
328.84
85.28
510.84
55.30
399.95
185.12
72.42
258.86
93.77
169.53
270.49
366.14
442.09
507.81
366.28
186.19
438.42
206.86
204.02
159.95
383.37
254.02
550.60
630.91
499.98
289.19
364.09
258.12
271.58
240.31
348.00
263.39
164.00
624.98
265.05
460.00
458.84
561.10
757.42
345.40
330.86
272.70
438.29
411.30
938.89
1200.02
1284.98
1261.93
1032.77
978.58
717.66
1084.02
611.79
663.78
1302.34
394.90
343.36
1340.21
1342.30
1549.60
1530.70
1655.56
1607.32
1534.14
1449.27
1507.93
1588.88
1835.00
736.84
1751.93
589.60
947.33
1303.19
872.49
525.23
1279.18
1390.92
1760.42
2001.11
2106.95
2073.00
2088.02
1403.47
1786.32
1266.90
1071.44
1458.88
2071.14
1848.55
947.61
2149.88
2280.46
2269.32
2135.97
2458.53
2402.60
2445.16
2359.14
2358.92
2496.44
2528.46
2337.07
876.55
1243.20
1769.20
1461.49
589.37
935.84
1604.86
1855.79
2036.17
969.00
2459.92
2274.49
1817.98
1932.28
2065.34
1262.76
2737.41
2407.77
1462.47
566.09
1225.64
987.47
356.56
2015.62
2212.09
2190.17
741.98
2147.49
1344.49
997.00
1726.15
2455.01
2715.83
2784.71
2926.14
2840.02
2275.01
1253.35
1686.80
617.17
849.84
1637.51
1077.43
2123.57
1576.02
773.93
2032.51
1451.08
1592.96
1359.14
1023.32
931.73
1775.49
1098.30
1868.21
1229.43
1036.95
1307.84
1712.29
1954.89
1182.61
1590.64
2339.88
1722.39
1602.71
577.53
988.06
1226.37
2307.09
2280.42
2486.28
2083.28
2056.03
2333.07
2050.41
2536.63
769.67
2092.46
1291.61
1744.52
1285.55
1382.85
1144.48
942.56
1014.00
1662.26
2235.30
915.31
2218.77
2257.21
2387.02
2503.46
2220.13
1270.24
2043.23
776.95
438.06
2120.90
1546.77
1709.39
1296.86
948.26
1433.84
1632.03
1192.51
1716.58
298.14
856.65
1799.69
1637.08
925.63
1567.39
1015.40
1829.92
1259.43
670.56
613.62
1052.79
756.07
1518.35
1554.44
1681.08
1694.67
1102.88
776.11
1723.00
998.43
1021.72
576.20
960.53
734.05
1365.62
1548.60
353.02
1219.39
995.26
379.49
667.75
938.31
1338.35
1073.01
790.72
861.55
931.42
112.07
672.55
555.16
757.63
1149.72
1243.35
244.60
413.77
862.58
888.81
500.95
329.91
897.89
450.63
627.60
1055.79
1034.44
978.14
610.64
194.51
742.05
852.88
570.82
684.30
899.88
366.49
206.84
206.04
313.63
377.79
435.17
81.60
536.20
253.14
155.28
253.95
242.32
659.42
208.93
375.67
320.56
238.12
181.05
496.21
414.30
527.30
386.39
413.16
391.09
240.54
62.72
141.63
105.33
227.79
170.26
391.81
232.86
402.54
206.07
390.00
416.30
109.33
84.37
191.00
142.00
134.05
145.65
270.67
73.98
104.84
50.28
204.63
147.26
81.32
52.05
153.56
69.00
114.82
154.58
92.19
168.56
84.86
50.33
61.42
126.96
185.70
46.28
109.49
161.70
67.98
103.09
107.63
73.16
106.30
306.16
96.00
201.46
57.63
150.49
64.30
143.95
73.58
126.58
89.77
256.16
64.16
116.37
329.93
175.26
155.47
268.89
165.56
103.26
106.30
49.91
83.91
466.54
115.42
41.07
238.82
45.49
90.25
101.46
89.65
126.70
135.68
175.95
302.77
540.30
412.42
189.14
248.97
557.58
462.40
668.79
653.79
549.57
182.58
126.33
209.60
783.56
677.92
581.82
108.37
113.21
581.63
249.61
124.98
556.14
194.74
740.39
126.35
329.88
732.72
701.82
207.23
405.41
687.53
782.63
1080.07
208.81
210.19
1085.44
458.63
912.98
330.26
419.26
832.05
554.14
711.65
477.18
1078.71
1217.60
1206.33
706.84
689.12
414.13
1630.04
667.48
1217.85
1309.98
1236.09
865.95
776.53
1405.02
692.54
1313.32
696.63
541.49
647.86
535.17
1118.06
1060.41
1224.45
1323.08
1799.86
340.82
1618.58
1306.85
843.57
1288.36
1522.14
485.65
1517.19
1123.84
1410.82
2201.09
2265.55
2265.04
1640.85
1641.35
1551.63
1845.84
1272.00
954.00
2204.00
1977.00
2209.00
2042.86
2408.81
2493.53
2605.11
2510.51
2630.42
2677.04
2696.56
2523.88
2547.95
2440.88
2739.51
2493.04
2246.62
763.78
2196.48
2320.36
2042.24
2501.57
2946.28
2773.95
2732.28
2151.59
870.98
2251.08
2423.04
2321.45
2610.11
2752.74
2680.04
2199.13
2788.00
2754.88
2713.57
2507.85
2088.17
2976.91
2809.11
2341.83
1856.93
1984.00
1962.44
2198.21
1747.96
2306.00
2303.74
2176.63
1319.23
1688.94
2844.79
1681.72
1531.97
2581.93
2461.25
2225.80
1348.32
1195.01
1776.13
2520.00
2701.99
2957.76
1793.37
702.80
2310.21
1611.49
1614.57
1583.53
1465.92
968.28
1789.09
1703.89
2231.51
1728.32
768.33
1539.79
1158.86
835.24
670.45
2043.98
736.62
1927.53
2037.62
2742.27
2188.14
2609.02
2681.29
2616.41
2504.54
1796.98
2556.69
1398.00
2016.12
1772.66
1491.91
1807.06
823.14
1872.06
1055.18
1807.42
685.79
1200.25
740.43
1517.84
1273.65
1562.93
1937.28
2130.86
701.91
1196.61
1081.19
1199.85
1261.86
439.50
1384.30
831.67
529.87
334.12
854.71
1176.36
2046.33
1960.12
720.79
815.23
866.39
1382.13
1466.87
1115.02
1273.37
1052.04
1382.49
1006.47
1337.40
1232.64
1567.50
1117.09
988.33
628.16
1258.74
1056.24
1198.27
1381.41
889.62
536.03
307.80
1135.49
1296.82
978.32
1104.91
799.31
892.06
463.14
518.47
519.08
518.56
859.42
165.15
1172.71
719.38
587.39
906.19
854.26
998.57
327.76
683.00
509.42
329.94
337.87
758.07
364.91
375.70
843.33
259.76
474.38
802.53
193.70
782.66
97.43
379.32
527.05
518.55
170.85
511.17
214.12
287.97
155.68
100.40
91.05
67.41
92.07
253.89
266.11
261.27
225.28
283.40
286.65
52.10
81.82
282.14
386.32
78.69
76.43
171.18
268.50
430.40
337.88
417.09
383.50
95.72
50.40
162.21
83.29
93.49
237.86
98.81
80.80
168.18
88.94
71.03
199.54
99.36
116.16
155.40
104.11
135.00
66.26
142.57
30.83
77.43
63.81
114.64
252.18
212.31
76.43
175.44
153.54
87.24
92.48
364.30
170.93
188.56
133.87
283.42
348.89
270.55
356.82
157.03
92.63
368.04
197.01
317.50
308.50
125.18
223.33
293.27
257.70
72.61
73.19
140.54
96.98
80.01
60.85
231.90
341.97
424.15
335.35
96.43
214.92
301.32
153.49
148.73
259.37
215.70
301.34
253.75
236.94
166.66
188.52
91.63
207.15
448.78
173.72
469.43
205.84
110.91
602.39
908.32
295.47
674.09
236.61
232.71
704.32
634.50
239.98
191.61
299.19
306.38
483.65
849.29
170.92
330.15
493.03
236.30
241.51
223.37
716.84
1053.08
430.41
164.72
437.20
412.73
367.88
490.49
809.37
181.38
689.71
509.02
384.63
346.47
1416.80
1371.69
1384.78
1528.91
1071.86
686.74
275.70
1123.43
332.04
310.09
1077.73
599.05
990.96
1582.54
659.44
1100.67
1615.20
1885.78
1318.45
1563.43
1177.63
1398.84
1315.29
1932.03
1968.25
1890.23
2056.47
1938.11
1910.51
2021.18
2051.83
2030.01
2280.91
2298.80
2352.36
2312.10
717.73
2277.36
2400.70
2227.68
1957.62
1384.69
1482.63
715.03
2225.69
2449.65
2333.97
756.68
1955.56
1188.24
1609.62
900.88
1295.44
2300.99
2463.22
2152.84
2668.86
2687.83
2194.32
1249.50
1945.40
1072.81
2157.49
1889.27
2210.45
1751.84
1979.28
2840.97
2457.67
2667.91
1875.05
2161.74
2512.40
2985.80
2421.46
2746.97
2859.13
2772.04
1663.64
2055.60
2518.96
2032.56
795.86
1344.29
1038.46
1246.07
393.62
2184.59
2638.32
1628.45
1702.88
1682.09
2836.88
2144.44
1817.80
1876.07
1929.32
2609.27
3018.53
2959.35
1419.74
1268.32
1330.85
1338.60
2741.96
1928.79
2071.06
2665.30
2691.87
1037.17
2499.45
1893.17
2369.98
1665.11
1883.69
1100.41
1868.01
1312.86
2230.02
2061.03
2301.61
2498.32
1175.50
1213.98
1912.12
1761.48
2293.89
1175.11
922.63
1621.05
1591.36
2041.77
2205.52
1897.29
1753.24
1768.85
2303.91
2183.80
1248.97
1786.16
2237.74
2183.64
2390.12
2357.96
1597.50
1780.36
1341.31
1277.56
1427.69
2070.50
1990.84
1876.93
2083.36
1350.31
1621.73
2233.86
1969.50
1199.41
1904.94
1912.01
2178.43
848.06
1781.48
1486.58
845.31
1071.43
1188.06
1346.14
1586.16
1356.35
784.80
1305.91
1214.81
715.08
1150.33
1743.31
1249.05
1283.72
1465.47
1280.96
1326.91
1054.31
1192.98
1289.98
1342.42
1457.27
1550.22
1303.23
1240.31
890.59
711.00
1134.44
678.10
837.47
1308.19
269.88
663.04
879.80
877.14
818.72
301.50
807.93
882.55
818.60
421.60
813.44
1015.25
192.23
479.18
860.76
848.79
1017.36
1031.50
250.95
481.67
853.31
361.30
917.74
215.16
151.24
213.80
313.70
410.27
180.45
255.54
174.72
167.26
679.72
583.88
238.17
256.31
197.89
95.02
167.94
193.02
164.25
241.98
79.50
112.01
119.82
257.48
74.46
156.73
382.01
135.90
209.02
81.58
166.14
374.48
165.36
118.73
93.12
230.72
124.60
90.42
63.68
132.87
116.87
156.23
280.26
375.72
99.22
43.28
128.88
83.65
242.78
82.45
107.55
19.02
89.32
148.65
253.99
101.15
127.32
259.49
173.67
155.43
184.46
173.85
84.98
70.94
113.54
96.86
52.48
71.55
129.26
292.00
160.34
96.27
139.80
103.07
204.54
154.88
138.98
127.63
167.49
216.09
181.51
145.23
127.88
121.67
115.44
79.88
79.33
99.54
117.79
147.16
251.72
117.46
89.28
245.46
256.55
251.56
205.51
385.44
552.09
142.65
402.44
155.35
375.95
229.11
188.37
116.63
415.75
187.72
486.30
130.95
190.42
253.37
335.86
375.96
503.95
382.77
358.18
279.75
632.77
754.56
747.28
180.77
420.37
305.65
582.95
415.96
446.27
251.14
302.84
376.84
459.03
267.28
537.58
647.32
1031.07
1016.51
803.14
1201.95
1085.36
953.53
1195.76
466.11
506.68
339.42
477.81
337.16
592.26
752.82
820.39
1221.54
425.49
191.42
1151.79
1475.84
1339.89
1228.07
1432.79
945.49
584.84
833.91
945.66
1087.61
1246.77
833.52
1840.40
1112.73
1139.25
685.48
1359.77
1910.51
958.95
1418.16
1711.78
608.63
1824.74
1657.19
2090.28
2070.79
1951.32
2087.89
2194.98
2010.85
715.72
1562.63
1855.42
2073.34
1784.87
2311.72
488.70
2103.91
2062.05
2062.23
539.39
1121.07
2303.60
438.46
1888.20
2421.54
1028.44
354.88
428.84
726.90
1246.85
1194.54
396.19
657.61
1243.47
1374.12
2034.33
2149.23
1060.82
1482.04
1442.72
2803.49
1560.57
2326.05
992.88
2137.05
1996.13
1576.86
1810.21
2596.26
952.38
1124.05
2335.76
2388.46
2946.58
2931.28
2570.85
2599.42
474.84
1929.80
1312.01
779.76
1291.59
1660.49
1245.72
1663.91
2110.18
2922.08
2989.04
1514.08
1169.49
1422.18
2413.85
2742.61
2547.25
2749.88
2156.11
2389.94
2997.74
2934.23
2600.63
2329.95
2297.31
2356.06
2666.80
2475.99
1659.42
1870.23
2802.07
2317.43
2543.04
2654.00
1759.50
2128.70
2219.95
2295.82
2160.05
2752.33
1620.74
2235.46
2636.59
2682.28
2538.93
1449.51
984.36
1876.88
1821.02
1318.76
2106.57
1105.96
1840.12
1145.00
1936.00
1597.39
1356.92
1471.27
1514.79
1047.22
1603.04
2377.07
1016.12
1038.71
1962.07
1173.30
672.42
1968.69
1219.42
1018.16
841.89
1093.74
932.37
1637.18
1633.17
1468.34
1112.69
595.79
1686.24
1411.68
803.94
418.50
1348.29
1095.09
1148.71
1711.30
1224.34
1330.60
1678.14
1658.86
1711.74
1890.82
1266.63
690.88
260.21
839.42
949.96
821.86
941.92
456.53
1257.80
994.39
1070.61
1053.85
728.96
275.21
1129.35
1439.19
1352.05
598.86
753.73
106.58
151.74
560.92
904.16
1058.03
1228.53
535.86
668.77
939.56
1043.00
718.65
518.16
806.68
1101.28
1157.19
814.35
568.39
927.45
458.89
454.88
705.16
924.16
711.57
577.10
618.47
500.32
327.20
600.56
264.82
687.26
610.63
94.74
174.00
581.63
306.72
172.72
162.63
154.23
257.07
69.79
323.70
445.51
474.76
355.81
125.09
95.56
330.93
152.72
207.79
74.02
350.12
305.02
148.91
37.72
184.00
161.61
136.21
180.10
102.30
109.65
206.79
160.42
409.00
229.54
209.03
201.95
323.24
133.21
189.16
300.02
67.53
174.18
114.49
77.26
316.30
189.14
95.32
131.16
94.86
211.93
179.02
50.86
129.14
232.77
147.51
196.21
303.77
100.37
89.84
93.88
247.60
303.56
114.26
217.16
138.86
150.37
271.77
261.35
276.25
268.14
89.54
256.91
50.98
114.07
180.02
184.07
114.28
253.16
135.81
74.02
62.23
136.12
141.49
83.07
127.42
233.51
212.95
130.28
92.30
197.46
117.56
193.47
138.00
424.16
614.19
357.58
157.02
162.86
149.26
92.51
467.70
52.16
63.56
101.47
246.89
444.93
590.24
201.51
353.14
527.91
148.63
325.86
97.49
436.35
589.35
207.21
195.07
620.54
601.79
961.75
793.24
612.95
764.05
825.82
535.25
275.98
390.01
239.84
856.89
778.69
1025.39
1287.37
1270.88
1291.88
398.77
235.23
933.96
974.42
736.40
290.02
271.82
730.27
209.39
324.28
1208.63
1221.05
836.04
1481.63
1524.23
1494.42
592.16
1514.82
1750.19
1310.76
1575.31
978.19
447.65
1014.23
1637.91
748.25
1129.11
587.51
248.63
1263.97
1107.70
1905.58
1899.35
1756.11
1093.84
1370.63
1866.61
1716.39
1403.32
1723.59
2180.30
2090.14
2103.30
2209.56
2178.72
2078.47
2310.88
2315.65
2181.35
1716.86
1490.39
2141.56
2536.26
2452.52
2049.10
1780.79
1911.90
2468.51
2459.07
2527.07
2650.16
2592.30
1883.91
1802.23
1687.02
1846.21
1150.93
1713.59
583.56
1123.67
1285.89
1626.76
1767.71
2351.90
1722.39
2770.01
2072.30
2590.64
2184.82
1401.78
1523.80
805.38
2755.06
1253.15
2961.00
2415.00
2891.00
2866.00
2853.00
1800.00
752.00
738.00
2672.00
2553.00
1582.00
2643.00
1846.00
2355.00
2607.00
1240.00
1865.00
1023.00
817.00
1968.00
2142.00
1546.00
1220.00
1927.00
2005.00
1695.00
2930.00
2923.00
1826.00
1186.00
2344.00
438.00
1063.00
1228.00
702.00
1874.00
2762.00
1323.00
1621.00
2789.00
2373.00
1842.00
337.00
498.00
824.57
2134.89
1258.05
1731.75
1794.26
2235.29
1484.42
398.58
806.61
450.35
1153.42
2071.40
2488.72
1889.41
1411.37
1641.47
835.28
799.88
2441.12
2049.72
890.05
1435.08
1352.90
1760.10
1014.16
1324.95
1187.42
275.67
654.33
1248.82
479.30
1506.74
1275.63
1624.34
1288.22
1074.35
2155.70
1689.07
1921.97
1109.61
1323.96
1459.40
1492.12
662.63
1215.98
984.95
1244.56
748.90
1096.00
1850.10
1644.35
921.05
991.47
1075.68
927.76
843.72
807.80
1043.03
1119.23
679.47
1007.65
780.07
996.11
1213.63
651.31
581.59
1110.79
780.48
569.94
1021.58
1054.88
1257.12
1324.28
1106.00
1276.19
1214.05
1309.28
1316.54
1293.95
1176.16
713.44
441.13
408.63
319.70
715.81
945.21
771.65
157.47
436.48
879.72
1052.93
910.42
1048.56
1027.23
675.30
245.86
662.65
668.37
586.02
842.72
890.84
432.63
631.65
357.98
648.26
418.40
393.72
268.31
228.05
260.23
295.28
344.79
375.49
277.18
158.30
89.82
268.86
227.16
88.09
365.93
510.95
500.56
225.98
180.58
110.07
196.58
118.23
197.77
277.09
410.33
218.95
230.33
74.02
104.02
196.56
62.67
361.21
163.77
309.33
57.91
125.44
47.84
180.91
109.65
73.30
29.40
200.51
162.84
128.00
195.26
38.60
42.98
73.12
59.58
49.14
254.30
110.65
210.56
49.54
191.63
54.40
50.02
246.07
48.37
46.56
59.98
118.23
147.16
209.58
136.00
70.47
138.23
37.54
150.51
100.00
343.93
79.67
167.51
47.77
206.02
60.67
47.86
205.72
387.19
417.75
82.26
288.54
155.77
66.49
215.67
81.58
94.74
126.90
157.74
512.00
505.07
128.72
207.56
197.79
545.63
562.84
522.50
481.79
579.60
591.28
656.37
646.91
380.67
580.03
418.00
610.00
392.23
208.67
273.56
270.53
810.37
399.77
301.77
97.91
490.63
786.35
143.30
297.30
647.81
284.30
501.75
926.93
143.98
162.86
279.30
286.27
297.65
890.84
447.15
563.26
1154.77
457.24
982.95
634.35
626.75
342.44
587.22
459.27
464.44
785.26
1173.54
785.21
360.51
956.35
600.96
788.09
1530.86
1541.98
1416.50
1518.95
988.49
1532.74
1681.70
387.00
870.25
1157.99
877.63
838.23
481.15
492.15
1455.87
1396.50
1331.20
1931.16
237.56
376.51
1052.51
926.56
1030.49
1239.25
1346.79
1665.72
1653.84
1436.19
1819.62
1394.55
1235.58
1178.97
1352.02
802.37
1288.99
947.12
1246.22
1400.20
1413.81
2078.36
2235.51
2379.39
1835.85
592.96
2167.13
1041.63
662.57
1941.91
1203.75
642.38
1329.42
1920.51
1744.46
1917.56
971.89
1341.91
1607.10
2319.38
1703.28
1732.07
2423.42
2506.95
2425.93
2864.53
2757.35
2688.14
2452.08
2698.95
2419.52
1339.86
920.09
1940.71
2218.65
1359.83
1204.97
1898.18
1186.34
1341.38
1923.16
1432.98
1305.14
2140.34
1021.06
1979.40
1791.93
1649.42
1119.88
1637.29
1424.45
1745.77
1594.06
2814.05
2227.19
2003.01
442.35
1123.67
877.71
634.58
1469.95
1654.47
2413.54
1993.22
2087.41
1806.91
2160.48
1284.10
1202.15
1590.71
1938.20
720.91
1680.42
1353.23
1644.35
1324.56
1558.74
1977.45
1570.53
2001.98
731.67
877.81
1523.59
1951.51
1888.10
2625.51
2667.72
2559.44
2582.81
2422.35
1046.44
619.23
1418.67
1578.16
1893.33
1783.75
1796.46
1289.17
1348.93
1382.53
1270.46
1621.39
1581.78
1132.11
2239.11
2387.46
2167.78
2326.11
2340.18
1040.70
1778.77
2010.04
2059.14
1750.41
1388.14
1468.16
1506.46
601.88
1194.73
1021.46
1983.25
907.68
1573.67
1150.02
1458.62
929.06
1634.54
1316.93
1666.49
1068.32
1185.58
502.67
776.81
1526.68
1392.88
492.25
1169.28
1063.13
368.61
828.28
1384.98
1070.37
792.40
1112.61
1023.06
728.79
963.16
1165.44
234.40
454.09
242.23
462.37
628.40
731.65
1115.77
1010.39
725.70
368.17
322.95
196.58
504.60
868.35
856.14
960.70
839.19
623.69
597.28
812.42
385.19
496.09
582.98
586.79
531.19
679.12
610.47
523.17
157.49
168.49
170.40
319.79
531.91
660.21
797.82
149.02
545.53
526.70
215.74
264.37
270.75
578.14
123.19
447.79
211.56
145.33
182.65
234.07
408.47
251.86
272.33
151.77
330.91
73.77
192.16
97.93
344.07
337.98
77.54
369.31
183.33
109.91
127.82
310.70
204.91
83.91
119.05
389.07
99.09
73.26
148.35
117.70
249.63
343.79
298.44
180.30
122.98
61.35
253.77
276.72
161.07
148.84
181.58
73.19
115.51
76.65
38.09
73.21
76.33
49.91
29.60
90.30
67.54
147.82
114.84
293.93
131.88
155.77
55.88
71.93
227.63
43.93
44.67
56.95
39.07
72.42
47.91
45.46
119.56
139.02
255.89
170.88
152.84
318.79
157.42
182.28
66.37
178.51
151.44
258.58
248.05
339.61
186.95
422.82
313.00
93.84
214.54
224.04
141.42
153.05
179.60
539.53
212.95
248.04
164.63
255.42
226.67
206.42
258.46
574.37
685.68
333.00
272.09
807.72
347.40
157.26
256.28
320.44
277.77
466.19
556.28
535.63
319.35
87.81
161.00
113.23
877.19
244.79
898.71
377.16
752.60
1024.00
1250.02
1159.10
856.23
493.27
367.83
480.65
704.36
1407.86
763.79
1209.12
1526.35
688.63
783.65
320.24
482.09
660.12
675.42
1041.40
1670.56
1593.08
1591.11
1328.12
1831.68
957.90
422.23
627.03
1504.40
2002.84
2030.68
1766.25
1654.09
516.78
1771.17
1348.86
1526.87
1366.98
317.77
409.49
621.56
360.00
996.21
1519.35
1568.16
1755.78
1752.19
1185.85
2319.56
1878.37
1621.83
896.43
1809.70
1505.45
310.86
1507.34
2295.19
1129.39
2002.44
2601.93
1820.35
2487.02
2351.84
2278.07
1622.87
1308.75
1572.05
1236.84
1582.22
1432.10
1315.35
823.05
1877.81
1706.65
1984.48
2145.11
460.90
515.53
614.39
422.73
925.00
1577.84
1466.42
565.32
657.48
1496.37
1760.18
1123.91
1640.90
2888.35
1235.72
2277.18
2998.35
2676.80
2464.60
2967.30
3035.74
3030.12
2418.84
2421.75
2572.38
1821.15
1009.10
1626.26
2099.54
1793.30
2616.96
2168.01
1576.74
2275.43
1005.50
1378.15
1650.78
1420.75
958.27
1368.44
1131.59
712.14
1312.45
1149.62
1247.11
2330.28
1414.65
961.77
2135.46
2880.75
2778.54
2837.63
2801.37
2403.21
2588.62
2740.86
2500.01
1409.27
2171.10
2199.86
2339.69
2617.46
2280.93
2844.84
2821.79
2715.68
2772.16
2058.58
2174.77
1854.86
1982.47
1775.54
1806.69
1664.49
1934.52
1634.50
2573.16
1584.72
2142.02
2420.82
2065.66
1726.86
891.58
2051.69
1283.07
1274.52
1458.77
1675.18
1599.48
1704.35
1791.61
1380.30
733.49
841.66
1138.86
1825.84
1651.85
1945.95
2061.09
1990.21
2165.37
1639.22
1690.89
1536.11
1154.57
855.97
1085.21
327.95
691.74
594.62
1868.68
1876.07
1435.89
647.21
446.21
486.21
755.58
948.13
1054.86
747.68
832.39
1246.96
1205.40
1055.76
1197.23
659.86
680.93
501.67
650.93
502.76
459.72
1133.83
988.28
1225.67
1372.89
1385.65
1267.86
1313.14
1290.86
639.42
376.07
569.14
923.13
667.44
350.30
762.60
413.88
101.95
817.98
939.47
207.86
328.96
203.88
979.47
416.37
420.49
390.93
719.63
353.51
804.21
314.44
519.26
375.19
244.09
380.86
446.82
521.68
184.33
121.56
364.86
94.07
491.07
372.58
343.91
404.53
324.61
439.00
500.44
107.33
493.21
325.26
163.00
290.68
215.30
69.21
62.02
285.14
440.51
49.91
307.63
412.63
422.26
381.61
89.21
229.49
41.16
110.35
125.88
278.33
110.93
55.81
34.49
157.81
199.18
50.14
38.30
45.63
144.93
115.79
112.72
49.07
65.98
92.14
67.25
107.49
37.98
95.00
49.23
98.19
267.42
68.23
148.60
161.70
92.30
113.86
118.82
294.56
293.02
180.58
87.40
97.63
238.95
142.21
81.65
194.40
126.21
77.65
162.84
65.79
323.42
44.21
289.70
59.09
52.77
168.02
238.44
59.42
57.07
56.63
139.37
74.86
208.44
359.75
445.91
356.77
222.00
197.67
183.37
181.19
94.81
507.84
390.14
464.63
509.93
261.21
190.44
235.49
393.91
546.56
339.79
655.77
557.07
503.16
482.86
344.63
632.72
472.07
163.07
608.56
359.63
418.45
934.07
923.33
905.70
535.60
883.88
293.47
612.65
474.26
948.98
591.25
789.60
950.00
937.29
1309.12
1304.07
1327.72
1420.03
1403.26
1387.28
948.74
942.14
303.42
342.00
485.81
457.95
1525.65
241.65
830.32
1191.62
923.25
1350.28
1269.17
1446.50
489.86
1218.83
1449.63
1027.66
926.62
1396.52
1573.99
306.39
245.28
511.80
909.03
750.89
868.42
704.91
1368.42
1707.93
1683.88
1516.32
1878.62
2216.96
1670.15
770.42
2148.93
2087.88
1116.53
1429.42
980.49
833.28
2179.09
2122.93
2312.91
1851.66
2083.23
1721.08
2080.84
1656.39
2170.46
1117.39
1171.15
1264.61
1293.80
705.76
779.02
1065.47
808.47
963.32
1870.75
1749.00
1258.74
2376.74
2516.88
1673.34
1298.52
2701.16
2363.03
2546.82
831.15
2577.66
2434.61
2719.21
923.00
617.65
2152.72
2993.65
2371.59
1083.26
2643.29
2154.07
2437.09
1660.68
2831.56
2805.38
1730.06
2270.62
2519.23
1464.20
2505.49
1452.09
1996.10
2623.64
1325.94
2626.68
1948.03
1198.60
2000.86
1591.79
1928.99
2180.14
1401.52
2518.65
1960.59
1787.12
1750.96
1758.27
2298.79
1720.60
2022.06
1847.40
2785.30
1526.77
2065.08
1899.32
614.07
2510.67
2856.47
2911.40
2509.09
902.40
1391.22
2060.42
2093.99
2530.14
2465.77
2645.95
2025.26
2604.04
2623.49
2768.09
1662.00
1302.53
1817.10
1782.24
2303.68
1994.16
1687.71
2035.10
2362.29
2009.46
1621.42
1311.22
1471.10
2266.03
869.58
2245.38
1388.21
1719.00
1951.26
1319.70
2149.08
1460.86
1604.64
1087.46
538.40
1115.51
1555.07
1499.13
1654.08
1189.03
1432.56
1677.69
1524.60
1556.00
2070.72
2006.63
1096.74
796.95
990.35
649.00
1749.75
1906.79
1913.33
1588.96
1270.51
757.76
1243.33
921.65
1091.62
1161.21
1611.45
1043.04
548.17
1327.66
1413.21
1369.39
1538.03
1495.65
1214.05
1061.21
1048.93
1070.63
707.52
636.70
382.25
1181.14
1018.87
912.70
420.73
749.07
542.00
952.59
1227.51
1047.09
649.37
253.56
624.09
650.23
896.24
752.90
727.93
138.63
684.48
320.84
326.65
454.75
445.77
614.06
551.30
149.65
587.25
571.10
321.12
151.70
494.86
704.66
744.00
113.32
485.60
329.66
616.61
368.72
463.98
277.40
148.44
394.77
587.30
386.38
499.35
192.95
518.63
81.00
153.23
105.74
67.60
30.81
375.03
77.51
55.98
307.88
216.63
141.60
204.91
343.65
270.90
274.28
298.16
199.69
88.60
56.65
200.82
87.16
57.19
75.44
72.84
227.11
142.54
225.03
78.54
102.14
77.30
28.33
143.30
206.23
51.19
98.26
49.81
38.54
99.58
94.09
108.26
20.51
44.07
103.37
129.98
228.26
184.02
321.58
216.37
159.93
87.25
141.91
187.25
89.04
328.28
51.26
103.00
274.41
44.30
56.50
65.75
120.50
50.64
60.78
153.45
51.11
294.36
381.71
79.72
168.21
171.38
152.09
261.41
278.34
146.56
269.54
60.09
447.06
66.24
151.49
233.46
404.74
190.76
347.23
313.48
520.94
366.14
644.91
215.66
702.83
213.12
274.71
178.13
104.55
229.77
506.24
292.30
233.92
363.88
627.06
849.14
177.91
164.53
749.03
219.39
365.15
716.18
572.41
307.02
912.41
414.15
536.71
612.18
518.97
623.92
468.99
785.55
1257.73
1022.20
1120.93
1204.56
1335.86
678.39
453.40
348.61
1034.85
1162.96
1259.19
1480.83
606.01
358.11
1583.05
1394.54
915.58
891.40
657.24
638.96
1026.78
513.30
841.27
363.69
1364.41
1521.61
1508.13
1623.43
1927.86
2033.23
729.31
1398.57
1884.03
1670.06
1413.00
1654.83
1714.80
705.68
2086.60
1544.87
1874.42
2064.25
2016.69
2273.04
2280.28
2091.96
1466.79
1807.22
687.58
640.39
1590.70
2004.51
1989.27
1607.09
1686.13
1957.54
1882.46
1580.79
1405.42
2181.24
1604.76
1846.41
926.07
1943.85
2304.25
1433.27
1965.18
937.41
2130.00
634.50
1827.00
930.15
1689.21
2150.67
1844.94
2177.37
1928.51
2803.92
1199.15
1964.97
1813.56
1281.45
1658.05
1948.71
1104.73
2034.02
624.28
1968.79
3082.92
2873.81
2367.61
2708.06
2204.82
2000.20
2846.11
3001.07
2842.16
1268.53
1119.64
1935.63
1690.65
1557.82
1310.88
1403.30
2158.70
1767.53
1111.08
2095.78
910.82
1563.39
1663.13
1664.26
2473.32
2604.52
2900.05
3028.86
3014.77
2276.54
2474.62
1574.14
2432.83
1870.07
1683.20
1870.51
2431.62
1938.32
892.12
1389.29
1526.35
2451.45
1758.85
2166.21
2473.07
581.00
2170.86
2228.43
2492.04
1901.15
1900.19
1261.86
1899.20
888.28
1090.97
1574.96
994.70
1767.51
2497.92
2443.94
2515.43
1517.02
2416.37
2411.59
1251.28
1502.11
2454.56
1367.05
1836.18
1281.38
2379.23
1645.41
963.19
1190.70
713.66
214.94
476.48
1882.59
2171.42
2181.51
2004.48
1242.08
1137.27
1554.07
605.94
1431.82
1659.30
1101.65
1341.24
586.81
1508.68
1732.00
837.89
1186.51
1750.16
1869.58
1586.00
1489.65
1483.72
804.82
1191.87
801.68
395.24
955.73
403.91
542.99
1323.12
703.72
1334.42
455.49
418.97
863.67
828.64
915.56
1226.94
1228.79
1094.74
1243.10
1335.19
1273.29
1156.58
1143.53
1029.19
975.27
348.70
155.72
204.63
323.22
1097.92
1158.73
1074.54
436.58
115.19
224.02
96.28
138.92
143.34
595.34
474.49
451.70
180.32
683.13
377.88
703.28
775.20
778.83
654.92
499.56
249.32
535.78
496.87
156.03
299.34
557.92
329.31
128.71
206.14
544.15
266.59
76.36
82.93
395.88
318.60
304.16
66.21
108.43
156.30
272.49
187.31
260.30
130.87
135.69
423.87
115.63
84.86
410.23
280.08
242.51
82.31
163.26
244.63
87.18
168.26
180.64
149.60
159.69
114.66
329.20
250.16
171.09
68.79
196.45
308.93
123.91
98.51
111.87
79.29
96.50
121.24
107.82
151.12
48.82
206.09
217.78
291.57
86.08
79.73
239.08
114.66
128.10
47.83
148.55
40.66
114.62
172.35
150.81
192.51
98.27
33.52
266.71
70.92
182.92
129.71
119.34
190.94
134.86
97.37
286.22
229.22
173.60
289.34
261.67
442.60
267.91
187.25
147.21
293.05
60.13
420.78
67.85
110.58
240.17
88.65
277.00
413.48
257.15
100.09
179.90
267.01
286.40
407.58
178.97
278.23
464.43
473.49
196.72
353.39
860.19
848.50
428.80
310.74
147.23
210.66
335.67
670.62
726.91
592.32
509.07
715.72
957.26
769.03
689.00
262.25
393.46
673.63
193.01
570.87
740.01
633.14
1230.68
555.92
827.90
1151.75
568.57
653.80
647.43
1513.02
1521.56
374.49
707.58
720.68
571.00
829.79
1141.22
900.04
312.21
1567.25
559.00
790.58
1143.79
994.01
1289.89
1971.23
1723.49
1071.67
993.71
375.12
1080.13
1102.99
1139.06
1592.23
1429.06
1977.91
1071.02
1083.19
1357.94
696.20
1182.36
1817.40
809.86
1486.91
1974.57
2301.74
1849.13
1824.13
1428.51
831.94
847.33
795.76
1701.32
1059.87
1019.57
2092.08
2370.37
1439.15
2512.32
2708.69
2568.00
2671.61
2706.94
2600.27
2677.72
2518.93
2688.02
2669.70
1704.32
1481.19
2147.80
1107.28
2008.90
2362.86
985.18
1910.04
2113.08
1096.87
853.12
819.21
375.29
1314.46
2524.25
928.55
2476.88
2195.85
2405.36
1754.15
2548.51
2894.71
2584.11
2664.72
2601.67
1751.48
2610.36
2845.34
2371.07
818.62
924.93
1333.83
1463.82
2061.82
1306.21
1893.26
1251.69
1996.02
2052.63
2233.89
2340.67
1279.64
548.15
2051.27
1805.90
2124.85
1959.35
1227.20
950.25
1576.90
2297.90
2411.97
1234.38
1897.52
2049.00
1117.74
1905.67
1760.37
1679.81
1901.65
1521.77
1564.30
1147.53
761.21
1484.70
1593.02
1936.88
2813.85
2469.45
1912.09
2079.64
2427.70
1761.48
2085.16
1402.74
2288.38
1677.03
1690.94
1445.95
1767.33
1860.56
554.25
1528.30
1692.98
1877.83
1512.29
1394.48
1619.47
1904.21
837.67
769.06
897.10
1697.30
1777.09
2182.38
2162.37
1145.76
2088.73
1123.48
1643.52
827.09
1436.30
2147.62
2146.21
1988.03
1917.92
1259.86
1478.68
1626.81
2041.39
1549.49
1161.32
1163.39
611.51
1288.01
1824.16
1834.21
1793.45
1603.94
1701.73
1362.65
1694.36
1660.44
1602.19
1722.18
898.89
1132.83
1022.30
1090.83
922.60
856.88
1213.65
1077.87
1327.98
1475.44
989.32
1337.34
888.23
553.73
783.47
774.19
1045.49
713.55
1113.67
1163.19
273.10
297.83
903.41
344.85
541.40
246.40
390.55
401.93
621.89
233.32
303.03
211.96
546.30
273.39
279.49
302.86
394.35
515.60
447.82
609.59
460.28
311.11
271.62
480.56
560.82
206.80
188.07
451.22
552.87
226.60
94.13
130.65
364.08
246.04
346.23
171.02
510.74
423.77
354.13
411.04
79.24
118.44
299.40
250.59
263.14
136.70
151.09
229.63
244.31
366.91
215.35
176.87
428.70
424.53
433.24
93.10
128.68
407.36
404.34
145.39
200.98
150.19
124.90
48.06
102.06
53.82
140.26
125.26
103.17
63.93
76.50
59.58
70.87
137.61
82.38
111.66
190.31
53.94
101.15
111.17
48.62
168.83
189.73
183.36
245.21
263.72
50.61
55.99
255.69
59.99
260.08
333.55
387.99
45.00
111.77
124.41
89.85
77.91
215.95
241.16
317.67
320.14
472.79
313.36
199.38
158.77
80.76
142.06
174.10
176.98
105.17
155.09
365.93
516.56
530.76
145.08
72.87
113.72
111.32
173.00
161.21
198.32
98.99
324.98
221.88
85.60
438.10
364.83
202.14
206.41
745.45
767.31
806.17
419.37
223.44
167.58
120.30
106.16
687.80
366.84
136.87
853.44
258.39
141.64
222.38
509.01
489.04
511.12
942.85
648.75
364.39
309.56
266.93
390.66
351.82
1149.38
1133.67
1048.34
671.04
761.27
1364.06
1078.46
695.79
816.40
210.14
311.83
1195.73
1677.18
825.27
1699.84
1438.23
1449.41
1697.20
1780.24
419.94
1024.71
1499.81
1245.43
1507.67
1684.61
1816.70
1026.15
1450.70
622.86
1137.11
2116.85
905.47
1536.24
317.72
1281.63
907.64
1318.50
1398.31
1624.78
1509.09
1505.75
1728.72
807.01
1763.28
1591.91
778.65
1522.67
1702.60
1657.44
1242.10
1456.65
2766.59
2185.67
2039.94
2092.22
1385.37
700.84
1138.61
2496.38
2109.99
2005.38
1180.68
2606.67
1223.68
1457.93
2357.62
2416.11
692.11
1552.71
2023.97
1291.70
2272.51
2675.50
2503.35
2124.79
2255.41
2629.02
2418.08
2900.47
2543.90
1378.86
968.73
2061.19
2908.00
2999.55
1482.00
1871.19
2295.01
2068.50
556.17
842.73
1206.33
2275.63
2490.77
1653.37
1543.85
2381.87
2172.68
2023.46
2573.98
2529.07
2480.42
2749.20
2692.23
1527.77
1038.98
878.46
1256.91
2587.34
2518.27
1759.86
1515.81
334.19
996.50
1527.91
2015.81
2018.20
2097.88
2831.67
1928.84
2080.60
2900.58
709.89
1451.73
777.73
2021.11
2350.18
1862.89
656.38
2224.34
2264.25
2388.72
1062.56
2286.70
720.53
1235.39
1289.31
629.30
2137.97
1187.48
1601.35
1121.80
1736.93
2139.16
1181.23
1545.41
1224.53
1489.65
1655.81
2027.84
2183.45
1255.40
1915.17
1639.75
500.19
512.30
1810.98
2387.26
1806.69
1856.31
938.33
754.12
1499.79
1401.56
1272.97
1588.99
2096.10
1448.38
1779.33
1361.04
1699.66
1648.50
1934.89
889.30
736.57
1410.66
1604.85
1759.49
1858.84
1366.93
658.88
1059.35
307.43
642.81
1620.68
1251.31
1003.75
694.52
946.46
1302.77
520.11
828.53
1407.81
1112.23
656.83
988.65
798.34
1144.79
457.94
692.40
464.08
747.46
428.98
958.23
251.98
1232.97
443.04
877.00
338.50
452.97
913.26
165.69
1138.94
598.27
423.23
295.61
699.98
684.42
199.10
865.08
733.48
503.71
510.61
596.83
228.85
269.88
313.13
208.18
134.99
276.79
322.43
680.95
185.69
678.25
678.71
199.35
135.96
433.86
267.61
416.38
176.15
578.36
414.22
284.60
213.52
125.62
271.92
255.57
537.75
128.69
180.20
74.97
441.42
146.22
281.20
146.69
116.11
50.16
166.07
191.63
257.15
111.82
55.97
159.90
101.39
69.77
139.08
137.54
101.44
269.17
138.29
96.32
85.35
84.89
213.02
83.70
49.08
84.20
75.10
82.45
103.25
267.22
288.17
215.40
134.30
82.80
93.59
138.87
39.63
37.62
53.00
79.61
103.03
203.35
221.99
54.15
41.48
176.02
157.97
106.33
134.61
62.13
85.39
362.42
406.65
171.17
188.12
83.47
41.10
60.43
356.50
133.38
157.74
174.83
77.34
182.82
91.85
243.50
81.75
206.19
119.45
198.39
178.41
203.62
298.35
93.17
348.43
87.12
275.47
158.72
95.36
200.39
325.78
709.11
741.60
676.00
682.81
563.64
216.36
470.83
781.28
855.89
182.21
640.67
424.15
773.18
659.78
807.21
552.21
343.97
979.28
766.82
490.16
890.13
775.57
1095.74
1081.58
985.09
1208.10
719.83
785.60
1132.56
261.21
609.36
632.98
236.70
728.79
317.00
289.13
427.94
456.90
443.45
1271.24
1625.74
1636.46
1602.23
767.78
350.55
654.91
599.78
479.41
538.44
925.94
305.52
776.60
1647.08
396.05
997.58
1467.41
668.05
1096.12
567.04
1939.64
1903.57
1856.25
1515.03
1461.24
926.00
1403.46
767.79
208.19
519.65
1291.82
2091.26
2103.54
2182.73
2184.76
2328.78
2121.17
1606.37
727.27
893.33
1200.84
1655.33
1499.36
1602.31
855.73
404.30
2395.41
2272.56
2503.74
2568.64
2639.78
2666.38
2649.87
2528.47
1314.61
2060.17
1951.82
2322.83
2671.69
2544.92
2136.16
1393.30
1140.14
1535.05
2876.91
2776.42
2742.48
2732.49
2777.73
2696.02
2805.72
2302.04
2429.60
2689.67
2296.86
2629.66
2425.38
1128.48
1146.34
1260.59
2862.32
2958.31
2977.27
2643.66
1660.29
1043.71
2167.50
1034.02
1475.53
2197.27
2386.50
1370.07
1847.25
1273.09
1559.74
2312.80
1158.04
2004.71
980.46
990.35
1014.06
2173.44
2742.22
2982.26
2947.82
2776.88
3045.44
2934.26
2994.26
2373.67
1025.28
2608.23
2914.59
2887.37
1336.01
1998.71
1052.29
2005.16
2407.81
1269.94
2369.01
2732.39
2712.01
2175.42
2570.47
2555.36
1826.10
2537.73
2370.22
2599.18
2048.80
2528.89
2634.30
1698.36
2432.07
1965.87
1798.22
2342.07
2477.46
2397.19
1949.19
1623.21
2458.58
2395.05
1660.27
1575.40
1563.20
1454.86
1139.82
976.96
1444.65
1132.63
1957.10
1126.88
1993.41
1325.95
1092.92
1712.21
2126.04
1389.73
1283.14
846.61
1705.73
750.52
1203.42
1826.93
499.44
1531.95
1660.10
1881.92
1356.30
1708.42
1411.19
1575.68
872.66
1223.09
1208.58
976.94
485.98
551.25
1470.51
1319.98
895.16
1367.53
1415.52
1585.96
1390.56
989.44
493.42
959.10
517.89
1207.83
1198.96
801.01
714.75
1233.60
884.33
984.33
794.87
321.46
1023.86
381.49
1133.02
1041.38
1177.39
870.40
890.58
1068.93
1084.64
1032.05
1053.06
1029.60
967.57
472.27
780.87
570.81
811.02
644.08
398.00
700.07
183.01
664.10
364.90
187.47
487.23
605.66
229.87
140.09
562.70
419.03
430.73
697.13
219.19
97.83
333.95
579.68
378.98
219.77
160.46
216.07
104.67
181.17
169.80
499.29
491.69
477.39
252.53
272.68
87.77
255.74
96.88
71.19
129.57
96.42
269.32
153.36
332.28
78.22
230.09
131.62
44.96
129.49
295.30
282.77
43.17
46.25
65.94
130.67
170.20
213.40
116.60
153.65
77.71
111.00
113.14
72.56
95.26
53.67
112.06
46.27
97.62
79.17
218.76
128.22
58.27
49.90
80.26
71.20
188.81
104.98
178.82
353.47
305.91
72.55
129.01
82.82
131.49
120.36
139.63
188.37
149.35
81.23
89.09
330.50
74.55
58.32
157.81
378.30
408.08
390.55
239.55
399.07
278.88
118.87
173.83
156.77
85.38
131.70
351.60
331.75
148.46
198.00
167.58
548.21
360.02
279.48
126.54
253.73
142.10
324.32
88.50
560.74
609.61
125.70
681.90
852.77
804.34
748.28
827.53
292.76
345.80
243.35
679.18
757.32
987.25
990.80
1033.75
1083.03
448.41
522.96
562.10
277.08
366.96
673.46
360.77
531.06
888.65
483.03
603.80
593.36
407.97
261.74
252.23
435.06
392.17
790.25
906.36
1428.04
414.20
388.07
735.58
751.37
1200.34
1032.38
805.59
408.29
519.89
1473.61
1611.57
1785.55
1935.79
1536.96
594.84
753.88
894.50
1637.65
1868.72
1819.75
1859.22
1843.08
859.39
1403.21
952.85
733.74
2153.79
2222.45
2266.95
2220.58
2223.31
2363.48
2393.31
2403.48
2291.64
1835.57
2241.28
1470.67
1647.17
820.74
1362.53
2036.99
490.41
503.80
1715.84
1881.52
2031.29
1648.19
2000.70
1322.18
1606.92
908.73
2572.90
2767.76
2764.49
2360.96
2404.30
899.85
1155.84
2128.79
2067.18
1854.34
562.96
1095.26
2528.53
2454.99
1123.23
688.55
1847.34
2277.87
2336.37
730.40
1379.08
2386.59
2619.44
1534.05
1752.93
2402.41
1339.53
2928.05
1084.83
2559.79
1278.53
1240.68
783.16
2402.01
2370.11
658.96
2127.00
2598.12
2313.51
2309.88
1354.43
1920.76
2807.17
2895.09
2886.30
2720.19
2719.08
1351.73
2550.21
3051.33
2883.52
2102.05
1984.18
1990.20
1186.49
900.59
999.86
1237.75
1567.04
1496.15
2217.95
1077.63
1438.99
1307.30
717.31
923.16
1846.40
1739.05
2134.37
1882.74
1622.79
1925.18
961.64
2752.49
2617.30
2374.29
2668.16
2466.90
2158.11
1319.45
1880.38
1678.45
1920.81
987.50
2341.73
1262.21
1301.15
1961.39
1686.16
1776.12
1203.95
1459.79
1930.93
1879.37
1221.22
1867.32
566.08
1444.79
650.62
720.62
1698.42
1706.04
1742.30
2171.65
2000.94
2162.73
2000.27
1878.51
1716.51
1778.83
1415.85
1833.33
1924.77
995.66
1577.25
1011.77
876.68
1105.11
992.27
1284.14
1448.64
900.31
1035.30
1197.52
1260.19
1413.47
1534.56
653.37
1106.20
1055.23
1356.95
1224.19
703.00
1524.26
1575.44
1297.74
959.05
395.38
437.74
720.18
862.21
217.80
813.17
243.93
1011.23
900.51
240.03
1095.52
868.84
1039.20
589.46
551.74
723.99
197.22
365.70
306.96
760.89
875.52
356.49
333.22
469.93
413.49
311.31
183.48
436.03
535.69
254.29
479.92
436.61
635.72
591.01
795.44
748.63
739.64
375.53
245.51
302.78
331.14
117.21
180.21
240.97
528.40
354.90
497.50
408.44
181.13
195.55
419.57
66.04
49.02
305.21
63.97
236.90
118.08
52.46
310.18
250.55
72.26
46.28
133.84
88.60
82.18
394.37
321.87
170.33
250.37
125.01
75.88
300.77
42.84
145.61
54.51
134.44
237.70
60.06
95.87
177.61
116.70
235.69
124.18
179.38
159.06
284.20
201.72
218.87
114.09
128.18
56.37
108.32
154.11
116.20
216.95
112.71
247.80
281.81
133.15
48.14
49.80
137.51
125.37
114.66
179.16
63.72
52.23
106.22
236.68
63.15
161.06
117.55
222.40
334.09
361.87
152.08
404.45
220.26
163.28
330.34
183.91
105.30
95.99
249.93
106.71
144.36
128.56
108.58
210.99
163.31
218.10
176.76
379.35
648.57
207.30
139.31
391.20
160.31
266.05
157.47
339.34
233.47
289.28
418.59
124.79