20050101
136.00
246.40
144.60
65.20
162.07
218.04
41.04
129.87
131.35
300.52
194.88
257.89
202.80
199.84
320.15
425.51
140.55
129.40
224.19
112.48
237.72
413.92
246.10
271.79
385.49
374.15
231.80
151.12
230.96
141.20
145.04
612.51
129.36
462.86
244.88
634.51
622.99
638.83
645.12
346.08
75.12
422.22
97.92
297.33
715.99
280.59
395.21
442.67
131.90
272.11
293.83
414.56
481.87
236.09
323.89
275.89
251.85
948.00
554.11
288.76
390.87
959.04
878.30
1009.51
1135.49
592.75
700.83
836.16
1108.25
256.69
371.00
666.83
1225.22
354.84
767.49
163.75
149.39
546.92
1593.35
1598.19
1353.55
631.46
1570.25
285.00
864.42
372.98
747.17
478.86
1668.42
1838.95
1992.00
2039.00
2009.00
1916.00
902.00
1594.00
1623.00
858.00
949.00
677.00
764.00
697.00
1269.00
1402.00
1811.00
1672.00
1261.00
1497.00
1387.00
2415.00
2401.00
2307.00
2245.00
2251.00
1212.00
786.00
1089.00
2309.00
919.00
1891.00
2298.00
2080.00
1190.00
1392.00
1856.00
1296.00
491.00
1873.00
1742.00
1255.00
1484.00
1586.00
2495.00
1044.00
1242.00
2413.00
1201.00
2062.00
2489.00
1487.00
1274.00
1797.00
1368.00
2144.00
2411.00
2705.00
2648.00
2795.00
2301.00
281.00
1358.00
1332.00
772.00
2427.00
1781.00
1384.00
1135.00
1760.00
1916.00
2939.00
1548.00
1396.00
2170.00
1809.00
2787.00
2989.00
2517.00
1072.00
3025.00
2964.00
2867.00
2261.00
2402.00
2945.00
1823.00
1741.00
2480.00
2981.00
2760.00
1941.00
767.00
1422.00
2046.04
1283.54
2479.91
905.20
1793.19
1293.15
1037.75
1711.34
2751.28
2778.32
2864.69
2803.06
2024.05
1948.91
1532.53
1234.16
1420.30
1181.49
1025.03
233.39
1930.62
758.56
1796.53
1267.86
945.18
1929.93
2178.93
1458.87
1097.08
1453.81
843.40
1184.90
1628.62
1615.91
869.96
1747.90
1648.60
982.68
635.24
723.44
942.05
1234.48
1012.32
656.69
1242.69
1087.66
1815.83
2269.04
2073.32
1413.55
1422.84
1905.44
376.60
2036.79
349.88
1377.57
1481.62
1360.28
1949.11
1316.31
1965.84
1851.31
853.06
1897.50
1944.56
1832.79
1851.87
1575.70
1660.00
1131.76
1417.88
340.33
1129.50
1529.76
635.26
697.33
1259.19
1560.49
1223.68
785.81
1462.07
1341.25
1393.30
1427.19
1250.55
1099.22
558.09
463.67
695.24
378.80
1088.27
151.64
1120.67
1005.96
1117.19
1092.99
1065.80
1054.61
1009.11
516.16
784.99
1078.19
1032.67
1005.79
888.59
997.85
1022.47
626.36
758.31
870.60
383.47
317.00
282.27
360.08
237.96
143.23
442.86
702.15
730.35
671.71
684.03
664.47
173.72
395.56
487.23
165.85
499.68
549.83
109.83
530.87
410.35
453.71
75.79
166.48
225.08
447.86
107.64
113.72
234.69
198.92
343.96
272.41
392.09
129.82
96.27
108.84
98.16
168.24
276.04
116.60
61.23
95.95
349.51
346.04
253.24
121.44
52.59
206.00
52.44
120.76
215.45
92.10
39.12
246.24
172.84
152.04
167.88
192.00
272.53
183.01
49.16
84.36
189.04
202.60
36.64
147.32
290.75
213.85
181.12
168.12
139.44
156.90
83.35
60.47
50.32
151.72
83.00
39.72
32.96
57.36
116.08
344.60
225.67
140.62
90.71
84.67
395.67
412.83
416.75
68.91
81.84
173.64
56.40
94.24
482.56
472.83
346.87
166.88
119.06
497.68
549.60
155.21
185.04
232.83
128.27
98.84
287.21
204.81
493.81
139.10
76.96
190.12
124.44
358.49
320.33
364.91
668.07
702.94
191.04
201.04
366.86
228.94
329.58
217.52
115.00
180.80
378.41
924.29
188.52
872.07
943.22
227.82
692.00
541.40
769.86
907.61
372.52
700.89
615.31
920.17
661.38
279.11
738.78
1404.30
1415.67
1394.36
497.62
462.08
562.52
333.41
462.43
609.18
1459.64
1306.92
1511.18
1336.60
281.07
447.81
843.87
1071.32
317.02
323.20
247.36
682.90
570.68
558.94
1070.29
1213.81
1038.98
1432.59
1006.21
1135.15
1403.22
904.02
393.67
437.92
1076.44
1862.69
510.67
1015.59
1093.34
1260.24
746.03
1156.48
346.46
802.58
1689.72
2007.98
455.07
1571.77
1947.71
844.00
1083.05
1980.54
1550.81
2318.59
2151.63
2406.43
1938.99
2070.78
2277.30
2452.49
2511.27
2388.10
2044.44
1895.87
2176.69
1772.46
1435.02
1149.12
1250.99
768.01
851.90
909.72
1204.96
999.63
1605.87
928.64
1590.73
981.60
1391.70
1974.14
1144.00
1487.00
1268.61
2365.37
690.17
1647.02
1621.40
2269.35
2670.18
2860.20
2774.80
2845.47
2951.87
2879.99
2816.23
2197.40
1541.85
613.25
1331.61
2443.75
1662.71
2118.86
1211.00
1834.15
1314.23
2460.17
2407.10
1043.73
815.00
1219.37
2582.69
2452.22
2545.29
2872.87
2875.59
2899.56
2699.99
1689.12
2175.55
1691.70
1821.82
1621.38
1774.70
2758.86
2703.92
2721.17
2685.40
2768.31
2725.75
2783.32
2671.15
2146.90
2332.80
2312.66
2159.17
2230.91
2530.77
2581.17
1910.98
1128.33
1357.25
1699.01
1717.55
1465.49
1631.55
1624.21
1830.30
1960.71
2064.74
2122.36
1517.44
1165.43
1619.96
1094.04
1212.27
1687.15
264.90
1212.00
1341.05
1246.05
569.67
1915.00
1326.37
1060.54
821.00
893.43
1622.80
629.83
1058.02
745.53
1210.16
547.47
1293.87
1310.14
829.98
1207.43
453.25
1008.29
1441.50
1155.08
689.89
1540.44
668.98
1767.65
1766.20
1699.71
1589.95
1602.87
1565.92
1384.60
1408.44
473.65
638.81
1337.71
1494.67
1464.59
1397.03
1454.59
1328.92
788.70
704.71
936.75
760.52
842.66
1052.00
674.93
658.00
562.00
809.36
263.65
726.58
381.80
1029.32
400.43
932.83
287.24
385.69
323.57
309.89
800.42
1113.00
620.36
654.26
404.92
467.55
552.03
373.99
406.32
762.75
579.67
219.99
265.43
433.17
234.63
131.98
484.87
623.19
410.58
214.51
57.60
247.69
244.79
115.84
366.48
426.03
117.64
305.52
65.20
198.92
232.30
406.44
124.80
187.08
118.72
170.67
111.51
123.86
36.12
216.79
94.84
178.72
250.56
339.79
144.08
131.26
271.11
118.50
295.03
110.75
100.56
156.43
82.95
70.71
259.44
323.04
32.20
292.71
184.64
59.19
56.78
35.95
127.80
167.48
195.96
79.00
49.91
65.56
72.80
68.04
31.08
294.91
105.92
41.92
163.03
35.48
141.80
130.16
176.80
173.79
74.48
107.32
137.83
101.95
79.76
74.72
73.59
24.08
194.40
209.01
248.91
230.79
51.99
101.11
29.36
105.63
64.39
106.56
279.21
299.10
225.31
333.55
78.51
518.49
52.08
383.64
172.96
78.00
290.84
98.20
162.52
252.99
311.00
397.60
504.91
313.53
204.08
384.46
215.75
223.52
145.32
419.85
245.73
560.82
622.19
563.38
300.71
366.96
315.46
333.24
286.43
378.71
236.80
152.24
599.17
289.66
566.00
464.89
370.34
826.87
373.63
370.38
296.63
302.60
451.78
965.32
1188.71
1271.47
1226.92
1004.95
956.44
562.56
1013.14
530.05
602.27
1228.16
333.64
143.88
1324.85
1285.49
1518.43
1505.67
1620.44
1573.48
1508.55
1383.35
1454.39
1551.22
1694.00
514.64
1766.02
476.77
672.99
1394.46
870.87
465.83
1154.66
1220.17
1846.98
1943.19
2073.43
2068.11
2049.20
1213.24
1732.21
1460.00
1048.92
1501.82
2098.10
1798.58
1011.00
2113.72
2257.63
2241.31
2068.74
2410.27
2352.78
2404.91
2407.95
2271.15
2420.31
2469.75
2320.02
684.94
1152.33
1651.60
1431.76
536.07
1006.50
1651.39
1887.16
1862.63
974.31
2320.46
2303.13
1582.28
1696.30
2029.87
1200.86
2626.92
2411.86
1270.54
591.28
1381.81
1031.14
351.17
1974.48
2170.25
1907.06
723.20
1792.20
1031.92
1461.00
1550.97
2287.63
2655.08
2671.47
2871.36
2740.04
2463.01
1269.94
1812.46
786.39
888.69
1689.13
943.22
2254.88
1595.65
694.58
1978.50
1353.33
1729.96
1392.82
982.39
1056.81
1536.55
1051.37
1872.28
1349.83
1014.51
1345.49
1606.23
2029.76
1201.55
1417.67
2309.71
1280.29
1440.27
512.43
869.91
1189.04
2296.82
2313.87
2530.30
2126.67
1902.10
2350.13
1915.55
2493.11
791.09
2050.07
1371.31
1614.62
1489.72
1322.07
963.33
654.61
1035.32
1665.96
2174.89
632.27
2248.14
2257.88
2398.79
2502.79
2151.21
1014.64
1958.24
660.29
343.25
2078.68
1497.03
1674.79
1335.85
968.77
1434.64
1668.63
1192.69
1767.74
291.56
883.84
1661.96
1736.53
1034.05
1537.53
802.04
1730.93
1175.36
657.40
566.87
1040.05
817.77
1447.28
1527.82
1763.06
1646.04
996.30
744.53
1640.92
854.38
995.90
526.48
875.57
847.39
1293.55
1544.43
293.19
1105.87
1115.23
471.07
763.73
798.39
1365.39
1155.06
786.91
770.83
894.79
144.46
515.26
511.87
770.31
1159.51
1219.92
251.23
442.17
853.65
902.86
489.05
338.66
928.15
486.69
574.53
1052.20
1039.07
999.95
758.97
222.13
742.80
772.16
639.59
648.53
898.64
367.98
204.28
169.44
265.94
355.93
519.58
92.22
460.65
325.01
143.16
155.04
210.99
660.05
239.61
350.32
276.49
264.07
176.91
467.13
375.98
500.82
326.70
420.01
391.77
240.61
66.19
125.28
110.83
237.68
174.92
385.42
200.48
434.59
180.72
382.81
423.60
116.63
101.80
203.80
262.00
134.40
137.32
269.28
80.20
107.43
54.91
200.52
156.07
72.28
53.56
160.49
71.20
127.89
168.11
100.28
215.52
92.76
52.36
57.16
149.20
231.03
49.79
123.56
173.51
74.48
124.75
130.87
76.00
77.96
304.44
96.56
161.00
56.44
158.67
71.68
151.21
85.23
139.95
86.63
269.80
87.18
135.51
360.51
182.16
165.00
287.17
204.71
113.39
88.44
46.92
78.76
469.64
139.83
39.48
276.42
48.70
59.68
97.80
83.99
119.28
149.59
156.71
314.22
571.84
423.57
181.80
217.96
577.84
504.39
681.23
642.83
684.95
198.56
146.09
114.40
844.48
821.95
676.55
88.64
113.02
617.98
293.95
117.20
546.70
193.87
710.95
140.19
260.10
752.93
735.65
173.99
323.30
656.04
748.11
1098.62
203.91
209.71
1083.17
522.47
900.23
375.17
437.77
865.89
553.07
758.60
325.81
993.72
1188.31
1205.64
717.56
699.44
334.32
1599.94
512.24
1025.81
1081.18
1204.36
837.62
772.45
1431.63
777.06
1312.86
710.29
554.86
621.23
371.73
971.66
954.39
1322.32
1189.91
1756.91
355.16
1634.50
1178.80
698.29
1162.38
1589.84
511.14
1178.02
777.87
1185.15
2110.16
2180.98
2169.11
1555.55
1601.36
1629.44
1831.34
1814.00
922.00
1897.00
1862.00
1566.00
2029.41
2291.20
2456.69
2579.20
2493.56
2611.44
2653.84
2694.68
2444.87
2504.03
2394.92
2675.48
2358.08
2078.11
656.98
2326.76
2145.88
2100.80
2396.66
2928.45
2694.89
2689.27
1993.87
960.80
2097.69
2382.93
2370.44
2572.16
2687.34
2563.16
2025.02
2116.00
2647.73
2578.28
2319.94
1945.97
2954.81
2776.59
2526.00
1777.94
1959.45
1898.65
2130.46
1535.36
2632.00
2314.97
2233.42
1336.60
1488.98
2784.58
1745.97
1479.55
2660.01
2349.94
2084.40
1313.08
1317.90
1990.40
2468.53
2636.62
2902.09
1743.54
234.28
2137.23
1585.48
1517.24
1552.06
1506.00
761.20
1764.02
1613.73
2261.56
1551.62
826.42
1517.59
1046.85
757.53
655.44
1884.55
567.92
2214.57
2329.45
2702.00
2026.94
2548.78
2624.01
2586.36
2441.47
1767.21
2534.85
1525.44
1964.96
1821.52
1465.77
1764.47
1031.15
2002.82
1070.91
1717.75
720.85
1121.46
691.25
1613.95
1464.50
1268.99
1974.75
2162.77
531.33
1213.63
989.04
1420.73
1234.71
483.01
1423.26
815.34
588.07
379.37
766.61
1158.17
2004.56
1966.12
739.59
878.20
949.59
1554.64
1536.65
1118.56
1293.37
1291.10
1470.69
1030.11
1359.28
1388.51
1675.75
944.72
957.30
651.48
1387.95
1015.48
1265.68
1510.90
805.00
520.02
256.05
1072.16
1240.19
920.03
1221.79
684.91
748.34
368.07
504.77
584.21
560.08
827.76
156.71
1153.33
758.69
701.14
821.38
913.35
1020.16
388.22
853.99
532.52
383.15
398.64
736.60
417.10
357.26
885.51
228.72
433.84
829.60
267.76
809.75
133.62
401.58
515.56
569.73
114.40
470.77
231.48
348.17
165.85
105.04
106.52
72.31
105.76
244.99
246.69
251.11
231.00
360.83
299.68
53.19
90.04
296.20
394.79
73.47
72.59
156.24
248.77
421.61
337.73
410.29
400.33
100.83
62.35
180.11
76.64
107.27
229.72
76.70
85.60
181.13
106.48
67.04
208.68
125.31
161.87
117.68
84.80
141.20
61.76
164.39
39.15
61.96
75.28
128.46
240.73
195.68
73.92
172.00
164.08
75.44
119.22
435.60
197.71
242.92
116.52
290.87
430.96
281.77
360.66
151.57
89.48
361.38
433.16
289.51
261.79
127.65
264.97
331.92
277.46
91.50
76.61
121.36
108.74
99.95
68.30
220.62
359.81
436.83
359.91
109.53
190.02
397.25
150.36
128.14
262.61
247.04
279.87
261.02
209.23
180.71
208.55
108.47
263.57
536.20
161.22
427.44
234.49
99.18
540.06
932.38
260.38
621.07
262.66
217.48
678.16
752.18
297.31
191.91
270.32
258.21
351.37
990.29
223.79
315.03
417.98
255.01
239.16
177.42
819.53
1057.95
409.95
158.08
376.18
331.70
413.44
428.19
712.94
173.73
669.43
567.90
330.03
338.72
1384.88
1377.16
1349.55
1536.78
1450.05
639.23
225.17
1037.08
338.47
330.06
1118.28
628.44
883.16
1691.52
858.42
1452.69
1760.57
1880.92
1376.19
1433.49
1050.97
1374.51
1274.93
1950.77
1981.33
1912.89
2076.78
2034.67
1952.91
2028.54
2112.04
1928.55
2236.82
2260.54
2349.90
2306.93
675.11
2212.26
2397.21
2219.38
2043.30
1406.29
1483.21
535.78
2178.33
2428.39
2332.82
752.79
1905.66
964.79
1528.53
849.07
1278.69
2371.56
2377.91
2073.88
2621.80
2649.27
2124.18
1080.12
1975.80
1221.86
2205.37
1855.78
1958.75
1705.49
1844.95
2858.37
2507.21
2581.40
1912.58
1977.57
2495.16
2979.77
2170.02
2591.74
2894.04
2764.45
1485.19
1931.05
2424.69
1763.65
788.20
1412.83
1075.55
1201.03
455.44
2257.55
2646.96
1495.73
1232.64
1399.82
2836.52
1979.51
1682.85
1881.89
1825.25
2406.51
2992.83
3015.69
1282.34
939.03
1020.90
1176.40
2730.60
1860.51
1922.97
2668.84
2592.63
1300.51
2470.34
1822.80
2488.77
1571.79
1757.08
850.32
1754.52
1300.51
2403.65
1949.03
2285.73
2627.16
1137.19
1219.75
1857.92
1769.20
2363.82
1033.54
912.86
1625.98
1512.64
1935.54
2443.78
1881.23
1962.78
1794.54
2195.73
2174.10
1410.02
1636.94
2320.23
2072.94
2394.66
2336.45
1593.02
1895.89
1182.67
1225.22
1330.35
2075.75
1993.31
1967.38
2050.89
1495.68
1545.01
2254.70
1984.52
962.27
1849.36
1825.34
2198.71
877.57
1878.50
1532.29
838.35
1278.72
1202.32
1667.15
1601.69
1469.36
886.63
1415.74
1249.83
761.79
1273.57
1762.51
1382.19
1135.80
1456.73
1281.43
1234.46
1055.29
1039.44
1232.61
1268.61
1498.88
1577.36
1346.59
1239.56
983.42
720.54
1083.06
691.70
1143.40
1441.28
265.70
503.18
971.42
852.66
680.17
382.93
791.98
993.12
724.29
248.92
813.51
1066.52
158.05
455.31
828.97
789.97
1043.37
1012.85
242.31
406.40
830.23
344.83
941.03
221.44
155.60
212.11
277.77
440.91
205.89
255.58
208.25
203.25
715.81
593.52
270.08
242.33
223.74
123.87
172.50
237.93
158.37
268.47
56.47
122.22
101.39
307.35
92.66
155.96
369.19
152.63
197.65
104.50
230.90
387.08
186.36
129.74
91.81
234.08
158.61
108.26
67.74
145.28
138.43
137.70
259.13
390.19
124.11
47.00
111.74
99.35
278.76
76.39
134.18
19.23
75.95
149.08
254.06
72.74
107.76
339.85
227.06
174.82
144.57
176.39
100.89
70.58
135.36
108.08
50.55
104.09
178.81
298.86
119.26
94.65
143.28
119.65
203.03
116.08
171.69
143.00
184.46
224.39
189.98
132.34
119.19
112.22
106.08
74.33
103.01
114.02
130.48
146.81
256.44
94.44
96.87
214.62
209.57
221.58
195.28
363.20
564.80
149.61
390.57
164.85
373.68
214.61
192.31
131.26
467.97
155.33
455.88
131.28
217.62
265.44
298.03
392.58
394.43
367.67
351.12
330.95
680.74
757.32
816.89
192.51
470.37
362.82
556.28
452.38
361.81
230.16
307.46
399.60
493.00
257.38
516.23
581.57
967.70
995.29
817.01
1159.54
1205.71
875.99
1386.00
490.77
549.19
370.22
420.66
309.87
567.89
757.55
843.17
1249.55
422.73
223.47
1075.68
1502.32
1367.30
1260.23
1423.65
954.89
589.67
867.66
1040.50
1162.87
1251.43
925.63
1889.51
1145.47
1336.58
636.62
1397.78
1924.95
895.47
1377.92
1557.05
572.98
1744.89
1670.45
2032.69
2066.41
1833.91
2201.83
2225.07
2140.48
743.01
1545.93
1827.84
2283.38
1971.17
2310.00
501.39
2079.90
2139.84
2049.37
578.84
1215.66
2184.76
386.44
1769.82
2535.21
971.19
377.32
482.43
708.39
1118.14
885.63
408.09
671.11
1032.98
1389.48
2158.08
2066.11
955.12
1338.49
1147.70
2784.95
1389.88
2304.61
1085.33
2195.37
2160.51
1627.94
1860.93
2704.35
1030.34
770.97
2123.81
2352.60
2958.95
2910.57
2524.40
2661.15
488.40
2018.17
1407.49
1040.18
1502.56
1641.74
1267.17
1809.04
2137.64
3046.80
2956.66
1404.29
1264.06
1350.68
2501.43
2713.91
2453.21
2727.00
2111.27
2604.68
2993.37
2945.85
2635.36
2205.21
2143.21
2317.55
2720.80
2370.86
1701.26
1847.41
2815.49
2497.21
2510.99
2633.42
1882.81
2187.76
2517.06
2388.59
2236.39
2779.08
1587.28
2180.37
2715.78
2725.80
2540.67
1371.66
931.01
1798.63
1888.36
1247.57
1959.43
1234.48
1834.96
1238.91
1885.58
1569.04
1503.01
1426.87
1480.74
946.63
1551.87
2393.29
1090.04
839.24
1978.92
1149.07
771.40
1894.20
1342.60
914.96
883.51
1284.42
967.07
1545.30
1777.80
1721.90
1248.07
639.81
1761.65
1418.10
545.58
308.27
1236.77
1092.87
947.06
1700.11
1130.99
1293.16
1641.25
1652.17
1588.94
1903.38
1306.95
652.39
287.25
916.59
1051.22
864.33
889.20
348.97
1364.80
980.98
1095.11
973.06
829.70
331.39
1107.06
1451.17
1376.25
579.42
638.12
129.69
130.19
352.29
847.62
1113.68
1116.07
488.92
658.27
1000.20
1077.11
745.63
494.83
827.92
1105.90
1168.36
865.66
536.59
1017.54
464.69
446.12
574.30
876.13
832.63
607.95
640.45
429.71
231.60
600.76
302.07
727.44
603.01
106.78
205.87
618.65
313.93
159.37
169.71
181.70
215.83
61.28
314.28
390.61
425.59
284.38
135.90
76.02
342.39
173.91
200.82
89.63
346.59
265.24
153.37
41.31
218.60
181.28
123.06
212.72
109.66
131.55
173.85
128.42
394.91
258.24
249.44
191.57
361.68
125.08
167.44
309.67
64.75
119.21
116.48
84.95
277.17
201.55
76.29
94.15
110.17
232.25
141.12
61.62
136.14
279.74
149.16
211.69
313.25
91.31
78.31
95.36
250.17
295.37
108.48
187.54
136.97
159.74
263.57
271.76
246.20
240.36
100.35
283.79
49.53
86.20
195.86
174.21
155.74
263.85
143.16
68.82
62.43
150.15
190.17
108.50
136.18
208.22
183.02
117.68
95.85
183.73
102.49
213.10
147.31
416.29
628.06
291.47
107.50
111.96
169.10
100.72
433.30
47.12
66.38
112.36
315.15
433.41
639.17
238.93
362.07
523.71
169.40
331.64
105.69
462.04
621.17
227.63
177.47
722.60
672.47
980.26
819.30
620.70
768.11
833.98
449.23
304.80
504.64
335.81
937.28
929.71
943.24
1299.56
1290.53
1310.96
450.04
277.86
1029.60
1013.66
760.85
311.87
315.72
619.28
173.00
320.95
1273.47
1260.30
1071.80
1456.76
1539.34
1449.83
565.56
1536.97
1751.65
1189.27
1672.40
1118.46
483.56
974.83
1695.32
650.75
1056.20
641.11
265.07
1178.21
1206.85
1860.58
1884.64
1741.60
1125.70
1419.51
1855.89
1621.04
1336.98
1805.66
2173.35
2127.78
2119.12
2204.80
2175.42
2096.90
2317.78
2291.25
2160.97
1584.86
1424.48
2109.65
2524.12
2532.76
1850.44
1857.95
1855.45
2509.30
2437.11
2526.49
2647.47
2620.74
1914.91
1834.97
1587.08
1827.80
1197.33
1791.15
593.77
1053.57
1388.28
1472.26
1601.27
2244.36
1904.68
2858.51
2068.39
2699.55
2264.35
1573.94
1626.36
912.49
2968.21
1303.47
2719.64
2884.11
2928.75
2986.11
2627.20
2075.21
1301.76
450.61
2175.95
2021.44
1927.46
2304.28
2103.60
1641.65
1963.21
1476.37
2215.20
1601.35
762.90
1690.27
1295.71
1388.82
1527.53
1585.34
1386.61
1911.65
2952.13
2956.16
1627.25
1610.71
1972.13
691.11
421.40
667.76
1333.81
2068.55
2040.52
2002.09
1981.17
2013.01
2395.18
1871.46
795.86
750.36
692.77
2205.93
1269.17
1801.22
1814.11
2250.31
1455.65
427.27
900.87
442.20
1147.27
1786.51
2339.00
1787.16
1343.64
1327.29
539.33
867.99
2477.21
1992.16
1016.81
1548.14
1258.98
1865.12
958.86
1229.10
1195.81
350.80
742.28
1378.01
511.36
1448.01
1235.54
1568.70
1159.15
1119.17
2222.07
1588.82
1893.39
1207.77
1440.95
1540.76
1487.41
706.90
1250.28
940.11
1251.26
731.31
1101.96
1925.67
1667.11
936.02
1090.16
1148.81
887.04
761.85
639.33
1089.39
1116.73
786.89
1084.49
805.76
971.92
1317.23
738.48
640.53
1127.68
958.04
709.56
1009.53
1062.93
1299.50
1344.65
1114.34
1256.91
1243.03
1313.39
1328.76
1309.98
1197.80
693.16
376.90
447.25
312.09
715.36
893.20
801.80
163.50
329.68
829.24
1059.85
939.46
1064.67
1041.48
685.28
222.09
713.32
683.64
635.96
886.45
906.16
442.74
676.32
400.92
663.00
497.15
423.51
340.14
289.27
322.91
329.02
366.79
414.89
278.35
154.22
115.93
294.98
225.02
92.18
364.78
526.07
514.25
304.12
118.98
99.01
263.73
123.40
220.09
317.45
414.49
142.23
269.84
92.77
131.32
220.52
62.56
379.33
210.02
331.77
68.88
119.25
48.48
189.04
137.02
94.29
39.12
205.15
173.25
125.63
216.71
44.04
51.30
78.20
73.50
42.74
238.75
94.63
210.65
56.76
178.96
53.74
56.92
238.08
52.32
37.20
65.79
146.00
156.94
216.61
161.37
79.50
135.60
45.20
134.25
101.38
353.33
70.75
175.54
50.78
224.38
48.08
45.55
174.74
406.56
427.53
112.98
303.10
180.47
71.37
222.95
69.00
82.61
115.34
118.70
477.19
515.20
133.57
201.83
194.05
537.86
573.70
627.52
491.19
553.55
565.71
653.51
659.71
359.32
585.61
427.34
627.03
335.09
224.29
247.89
263.36
780.23
427.53
299.94
116.98
461.75
818.26
142.83
324.05
596.05
288.72
572.20
896.63
165.05
129.98
245.63
196.33
251.35
862.69
579.65
549.69
1165.54
513.60
923.29
678.76
632.21
305.13
450.21
351.62
429.37
927.40
1275.97
801.38
394.03
1031.04
761.12
700.58
1520.50
1539.43
1549.87
1475.12
1006.72
1522.65
1710.30
408.40
707.85
1092.44
883.46
823.39
375.34
298.88
1135.76
1545.00
1186.56
1831.83
260.01
409.70
1001.65
976.37
1056.62
1180.33
1277.63
1624.64
1755.76
1542.78
1720.01
1593.34
1254.43
1084.77
1412.62
926.37
1245.93
1034.45
1149.17
1649.84
1325.69
1959.75
2187.63
2344.78
1604.27
718.51
1951.39
698.67
609.05
1998.84
1332.25
739.75
1346.55
1887.38
1698.86
2028.82
1002.04
1427.74
1390.47
2153.77
1806.73
1745.67
2385.72
2464.32
2453.97
2850.88
2757.57
2726.38
2340.08
2665.00
2560.94
1304.70
847.11
1822.73
2174.40
1204.36
1153.70
1857.16
1065.51
1458.37
1932.45
1564.11
1390.82
2017.51
946.71
1975.23
1814.46
1605.44
1076.85
1807.19
1552.20
1803.72
1371.33
2717.62
2327.40
2142.51
454.80
1065.99
840.78
578.93
1462.88
1688.93
2453.82
1830.58
2012.59
1609.80
2118.73
1393.03
1409.99
1516.27
1833.69
923.80
1708.08
1373.64
1609.15
1275.03
1460.56
1821.60
1465.69
1998.49
691.80
906.53
1659.19
1965.24
1727.37
2599.92
2681.66
2550.15
2518.71
2395.24
1019.65
735.78
1456.10
1559.78
2019.13
1851.24
1759.19
1422.81
1113.22
1318.55
1209.51
1598.92
1437.04
1013.87
2133.67
2361.64
2119.10
2291.90
2301.94
1131.08
1796.01
2002.89
2086.44
1644.95
1409.04
1420.68
1454.15
600.44
1324.76
962.64
1937.03
946.32
1586.85
1158.01
1303.80
844.93
1734.91
1273.49
1763.57
1062.63
1172.36
491.72
733.14
1593.60
1384.87
490.22
1142.93
994.55
423.07
801.27
1477.02
995.88
811.28
1178.35
1191.88
752.69
909.97
1115.30
268.55
472.07
252.17
519.96
689.02
749.76
1200.47
1287.61
726.73
429.51
279.53
203.76
433.14
879.15
875.24
941.00
839.90
639.17
534.62
793.69
473.84
434.43
614.76
612.73
622.73
703.18
630.21
681.84
158.50
165.67
178.70
288.27
535.05
621.24
846.35
179.80
516.00
540.69
232.38
311.12
299.92
577.96
135.59
472.11
188.58
165.21
163.57
245.71
427.32
227.02
323.02
175.36
398.65
67.20
211.20
77.62
357.94
343.03
91.36
415.53
192.50
122.98
153.58
349.05
208.93
95.32
125.81
387.96
111.23
79.84
160.09
131.68
218.92
327.79
296.42
159.24
114.08
46.71
270.94
246.38
182.14
155.10
200.26
84.79
127.47
90.10
44.66
56.40
80.85
46.13
32.39
94.90
71.99
165.29
110.11
317.47
140.53
151.28
53.23
53.36
205.59
37.15
42.26
55.80
36.51
70.68
44.14
41.25
103.56
120.98
325.95
180.32
153.65
303.50
115.17
148.26
61.89
197.23
186.84
234.01
249.48
392.99
176.14
505.98
344.49
97.94
235.28
205.63
151.42
166.86
173.51
509.87
223.11
224.41
178.96
284.89
233.06
204.13
255.03
567.76
706.36
460.36
266.25
837.87
345.66
172.77
277.38
314.79
259.48
480.80
544.19
544.68
367.63
101.72
148.61
117.37
856.45
240.20
765.50
382.81
682.82
987.59
1270.71
1201.55
819.94
397.06
277.05
487.37
585.51
1339.28
842.21
1180.09
1528.48
763.05
715.02
437.21
417.28
692.65
697.77
1052.74
1691.94
1791.82
1761.00
1371.98
1875.50
760.23
390.68
679.62
1460.61
2001.17
2006.46
1710.35
1561.74
395.45
1794.73
1402.67
1387.35
1118.03
404.69
401.76
722.97
389.57
1041.69
1555.34
1570.32
1639.03
1779.77
1331.08
2257.09
1886.17
1527.01
698.20
1861.50
1370.42
300.10
1321.61
2351.80
1172.40
1913.72
2546.13
1478.98
2380.46
2337.95
2287.96
1501.72
1033.86
1645.71
1270.41
1645.52
1486.90
1311.78
805.21
1864.87
1771.01
1900.75
1899.36
322.96
569.27
573.62
565.07
770.78
1306.53
1477.91
595.07
529.43
1303.26
1784.70
1231.45
1497.48
2825.47
826.02
2169.78
2943.10
2539.25
2445.84
2977.96
3015.70
3026.35
2398.91
2477.24
2676.10
1891.02
1073.86
1376.38
2184.90
1858.91
2684.98
2025.15
1878.53
2405.54
1135.83
1569.16
1808.37
1476.59
875.09
1454.88
1269.04
736.91
1174.33
1101.49
1328.08
2334.36
1432.18
1008.59
2052.78
2910.50
2903.39
2806.41
2803.50
2244.11
2503.35
2675.69
2565.60
1258.00
2312.99
2185.78
2311.44
2595.74
2282.69
2796.23
2830.84
2767.70
2777.25
2032.21
2214.25
1843.95
2088.60
1852.11
1667.79
1690.57
1928.78
1796.18
2588.21
1640.97
2098.24
2431.18
2194.61
1660.87
897.17
2022.71
1299.62
1379.90
1433.75
1598.61
1468.74
1682.30
1930.96
1370.96
739.16
645.01
1126.47
1842.99
1838.02
1835.81
2018.94
1996.84
2151.76
1516.03
1758.31
1504.63
1304.36
752.32
1079.70
331.18
637.52
588.63
1890.66
1893.89
1466.26
599.80
540.07
434.98
736.30
873.31
1078.93
773.90
834.15
1305.78
1304.80
998.60
1156.43
668.83
691.51
488.38
630.91
359.92
393.07
1020.40
1036.72
1232.23
1425.54
1394.21
1265.90
1358.65
1301.58
675.28
383.51
523.51
836.43
659.24
352.62
758.51
375.93
119.78
884.77
928.57
266.72
362.16
240.24
911.75
469.48
474.85
414.51
720.07
365.71
844.84
288.23
567.83
419.67
274.29
405.41
510.87
599.45
230.95
114.27
389.62
74.59
512.93
351.43
357.18
385.88
374.08
436.18
529.38
128.82
502.17
345.98
174.57
357.94
147.19
63.38
64.32
280.81
424.88
53.27
247.68
395.76
420.81
396.55
102.44
185.86
43.53
96.64
107.03
286.18
149.49
49.52
40.55
166.09
179.53
62.54
34.64
47.19
169.60
117.41
143.04
50.09
62.67
122.62
57.79
126.86
45.18
113.58
61.70
105.53
276.32
79.12
152.42
149.74
117.83
120.95
136.93
322.18
302.35
223.14
87.48
106.65
244.68
156.20
87.87
230.79
145.68
99.59
167.23
88.87
356.13
59.35
303.52
81.36
62.98
162.52
283.72
63.74
64.23
53.41
152.41
75.49
119.02
370.11
414.05
372.12
271.54
145.64
231.90
214.05
100.14
504.08
347.29
447.02
522.10
291.53
211.03
262.32
410.90
539.69
274.88
670.05
555.49
550.56
477.94
399.21
555.82
474.06
182.05
682.23
418.20
479.82
972.12
954.47
937.83
516.07
868.06
316.79
618.18
553.28
949.35
597.57
811.41
1004.78
1021.33
1340.36
1337.50
1364.75
1446.36
1431.50
1411.79
896.47
869.32
294.07
349.85
393.02
494.28
1544.20
209.23
765.04
1333.05
877.00
1303.88
1399.80
1603.28
605.06
1467.14
1524.88
1138.90
1132.66
1472.51
1685.70
228.17
264.47
649.68
1049.29
812.09
829.82
706.35
1346.99
1741.88
1640.94
1466.05
1747.91
2227.23
1757.68
788.26
2139.91
2052.52
1023.31
1435.57
1158.14
929.21
2130.95
2055.42
2217.59
1600.44
1999.16
1501.90
1975.25
1544.46
2173.87
1045.07
1438.56
1257.58
1180.16
633.60
795.78
1119.05
864.43
939.38
1950.61
1767.78
1202.42
2684.86
2395.55
1603.19
1239.49
2670.45
2440.80
2550.31
733.26
2629.81
2491.02
2648.11
917.15
549.06
2027.09
2989.27
2530.02
1177.56
2485.51
2288.22
2334.13
1808.89
2899.74
2845.47
1656.13
2139.57
2510.84
1298.31
2546.07
1458.15
1778.24
2725.93
1153.45
2575.72
1951.11
1179.54
1933.53
1528.28
1833.91
2232.62
1492.36
2411.13
2058.46
1832.16
1765.13
1588.53
2190.49
1689.59
2142.76
2030.31
2728.56
1559.97
2192.18
1838.35
600.94
2301.68
2785.98
2889.90
2489.61
993.73
1544.05
2104.57
2276.53
2523.88
2486.42
2654.59
1977.80
2409.61
2567.20
2773.16
1376.78
866.92
1925.27
1898.14
2299.28
1891.93
1574.92
2090.08
2521.42
1970.16
1705.57
1144.34
1333.55
2341.57
930.94
2290.20
1466.07
1666.78
1956.39
1443.62
2277.66
1450.51
1469.53
1019.23
660.64
1170.71
1514.50
1428.27
1807.50
1229.21
1423.98
1610.21
1544.52
1679.91
2099.16
2032.74
1118.69
787.11
1019.49
659.85
1667.22
1847.92
1913.00
1636.66
1283.77
704.59
1319.73
893.73
950.63
1149.32
1642.03
971.14
672.16
1331.36
1404.60
1355.99
1565.21
1478.08
1247.75
1012.41
1039.65
1058.57
758.19
648.57
352.82
1202.34
1105.36
984.69
519.93
810.24
452.68
1028.87
1248.44
1066.24
710.45
302.97
590.71
600.95
958.25
727.51
733.37
184.80
838.43
349.45
358.74
512.36
491.52
815.23
567.40
172.07
495.76
654.49
324.09
150.14
499.62
754.21
757.30
99.32
427.47
407.99
641.39
377.53
505.28
291.33
160.38
385.91
607.30
458.52
525.82
211.16
534.32
92.56
148.75
125.61
82.56
35.94
458.95
84.75
61.80
292.78
181.92
157.79
214.46
354.41
223.85
268.41
302.77
152.66
87.22
61.27
225.44
104.63
64.68
75.83
88.41
199.86
172.71
282.73
88.41
101.22
97.84
34.77
128.56
200.39
50.29
112.07
53.34
47.13
92.65
84.74
123.75
19.84
54.85
81.56
164.83
227.25
183.47
322.93
211.15
178.96
68.59
213.03
180.58
107.05
339.72
53.42
127.52
278.66
47.03
42.09
53.28
103.62
55.24
73.14
159.37
68.78
335.91
421.67
87.32
210.16
152.75
166.97
183.76
295.97
121.30
260.37
67.63
438.00
78.87
208.65
185.21
435.33
135.86
314.80
293.87
471.44
322.35
668.92
177.20
735.24
200.38
214.13
196.61
109.00
309.35
609.87
360.54
291.83
414.51
601.62
890.72
220.76
165.95
767.70
138.11
378.58
800.37
612.42
245.47
959.22
379.90
587.88
664.16
456.47
651.45
451.27
839.26
1292.74
1015.78
1105.55
1150.20
1309.10
673.43
359.37
307.34
1079.59
1176.81
1264.03
1502.71
691.61
397.34
1656.26
1446.80
1000.86
1113.71
532.07
575.95
1020.13
522.51
821.95
381.85
1372.81
1493.38
1457.93
1516.74
1932.17
2042.00
804.67
1249.60
1973.21
1650.76
1422.55
1786.78
1755.18
819.34
2143.77
1666.40
1830.99
2060.02
2169.40
2288.32
2360.77
1967.48
1650.29
2097.84
684.44
721.32
1335.32
2012.36
2135.96
1504.97
1609.51
1870.99
1846.57
1628.50
1525.25
2351.66
1461.59
1739.47
966.14
1843.80
2335.26
1596.20
2259.07
1021.00
2139.96
662.57
1669.10
1123.75
1647.56
2057.52
1865.35
2035.06
1659.48
3015.57
1124.47
1917.91
1736.99
1060.85
1916.14
1809.29
1161.58
1998.59
790.42
1863.34
3116.42
2938.23
2350.20
2713.99
2337.01
1693.46
3003.69
3034.87
2793.74
1416.73
1067.76
2194.43
1609.81
1877.22
1316.28
1417.48
2096.80
1773.53
840.39
2046.15
1037.85
1548.03
1680.20
1773.34
2541.89
2630.67
2969.35
3056.33
3040.14
2190.74
2533.28
1479.44
2360.41
1947.96
1491.83
1932.65
2281.18
2032.81
782.81
1203.26
1145.01
2380.93
1680.89
2283.39
2350.77
555.76
2250.19
2231.12
2503.86
1856.47
2039.46
1553.82
1823.93
1005.33
878.71
1647.67
1269.46
1753.73
2542.13
2536.94
2517.13
1629.49
2473.87
2431.08
1024.12
1437.86
2467.97
1462.61
1876.42
1279.92
2361.14
1677.06
991.70
1225.45
791.27
210.05
486.21
1875.04
2187.68
2214.38
1984.29
1258.62
1135.71
1764.77
567.30
1446.13
1666.53
1156.18
1640.26
568.34
1519.05
1793.90
962.08
1100.61
1692.01
1902.30
1538.25
1386.29
1526.16
922.56
1184.33
873.26
441.62
911.15
402.76
585.33
1416.20
562.24
1256.67
477.43
424.41
874.37
844.09
950.88
1222.27
1253.92
1130.92
1306.43
1335.97
1382.74
1098.09
1266.71
1119.15
1013.24
357.09
206.46
200.73
314.88
1178.31
1202.75
1101.03
484.17
122.49
181.06
94.73
171.14
183.97
560.15
514.16
502.44
257.65
672.38
428.98
686.54
788.29
757.70
604.80
500.15
264.11
562.38
651.98
203.88
377.89
612.38
382.07
144.78
225.03
563.88
291.42
66.49
88.51
388.40
307.01
327.68
53.98
111.90
137.33
256.78
174.52
282.44
140.98
167.13
468.39
154.03
75.47
438.23
359.72
228.64
79.37
176.43
254.54
95.77
247.24
189.22
181.87
204.99
82.82
354.37
242.37
231.88
30.41
201.73
309.67
138.61
114.31
130.69
89.30
112.51
148.16
119.67
151.72
57.67
226.22
222.95
309.16
116.56
100.79
270.97
123.64
118.41
51.15
144.50
47.04
119.24
171.78
127.82
150.11
73.49
45.16
290.94
88.91
196.87
148.49
119.31
219.86
114.74
91.77
225.56
224.01
210.62
253.70
290.49
493.01
224.64
211.78
139.45
334.38
71.10
433.31
80.02
90.30
247.97
97.64
258.43
492.64
166.15
102.68
205.62
277.89
323.89
365.58
199.59
319.90
549.59
500.72
191.32
258.09
860.28
836.79
308.17
185.78
132.07
195.12
242.84
639.61
743.56
504.57
383.71
782.36
1052.43
924.40
765.88
293.04
418.44
652.25
203.01
544.78
713.91
666.02
1256.81
582.34
843.17
1062.85
441.46
900.00
665.11
1547.29
1555.51
341.25
633.28
557.21
526.28
703.84
963.14
1025.90
305.79
1695.45
581.27
805.79
1042.16
1001.31
1246.38
2017.95
1850.13
1172.79
999.24
418.70
1172.93
1084.37
1001.33
1572.54
1465.75
1942.08
1296.12
1243.05
1564.71
524.68
1266.39
1818.08
877.96
1501.57
1926.89
2438.53
1913.76
1598.28
1372.97
791.81
961.73
888.22
1652.37
1214.90
835.63
1937.14
2399.32
1373.74
2427.57
2731.18
2600.71
2710.57
2742.02
2608.86
2702.53
2442.80
2681.51
2779.34
1805.39
1473.27
2163.87
1119.83
1876.85
2368.65
1004.08
2235.97
2226.49
1347.75
894.88
779.80
473.36
1186.89
2656.71
891.26
2333.46
2053.74
2591.08
1539.66
2464.52
2914.50
2595.40
2777.53
2605.32
1577.22
2541.85
2838.17
2313.40
749.46
1133.24
1320.14
1465.97
1969.07
1295.78
1847.14
1244.90
2281.22
1835.23
2330.54
2729.39
1450.68
553.49
2026.96
2029.02
2072.64
1902.40
1291.98
1082.22
1441.82
2242.61
2321.17
1485.73
1855.13
2196.97
1041.81
1967.05
1982.44
1836.87
1836.06
1437.21
1697.81
1130.22
810.64
1650.91
1606.53
1942.13
2852.73
2547.10
1902.23
1997.19
2353.53
1768.41
2070.58
1542.12
2262.40
1719.76
1561.78
1454.41
1712.42
1775.08
509.83
1588.85
1639.56
1858.81
1668.80
1264.46
1561.64
1889.86
810.92
726.74
908.95
1685.11
1681.52
2142.07
2140.55
1167.18
2139.71
1115.97
1710.95
858.51
1266.16
2173.35
2203.54
2029.50
1902.35
1447.39
1331.28
1621.40
2081.53
1516.34
1301.12
1005.29
600.10
925.38
1882.76
1913.50
1814.78
1598.42
1691.18
1361.54
1711.99
1688.75
1628.95
1751.54
800.23
1138.78
1103.61
1225.04
861.91
784.13
1224.43
1120.16
1363.16
1497.12
829.70
1327.09
885.06
765.81
861.98
642.90
1111.74
832.75
1078.58
1133.93
221.06
300.18
853.45
278.03
548.98
276.40
449.74
329.29
595.57
243.40
368.67
260.22
659.85
232.55
229.78
297.59
458.82
695.31
307.07
597.98
497.55
238.50
164.25
483.86
569.91
197.66
152.59
392.37
593.00
301.10
92.55
138.86
350.43
129.83
226.75
97.29
550.93
397.93
365.32
477.62
80.32
135.54
259.50
264.62
300.53
157.99
166.41
231.94
251.59
378.17
141.62
186.80
433.15
439.60
465.83
102.59
122.26
419.82
421.78
150.86
386.12
162.70
141.65
61.27
105.08
42.25
124.18
119.58
109.32
63.74
72.91
79.01
71.90
100.70
90.00
118.21
230.06
55.04
111.23
126.38
43.15
144.42
177.89
197.01
329.25
354.72
68.26
71.71
259.38
69.72
239.95
384.30
404.53
47.12
99.38
118.71
96.58
71.88
199.66
218.79
311.64
288.20
486.54
330.75
215.87
206.02
104.70
151.05
207.38
152.70
66.36
209.03
447.72
540.12
543.24
188.00
70.88
125.97
134.35
200.09
169.88
236.92
98.57
356.96
225.33
86.65
493.61
408.34
206.10
242.26
765.06
853.83
824.22
561.03
188.15
172.58
109.75
104.67
680.36
320.43
155.68
816.33
309.00
155.84
252.85
527.85
485.36
375.94
967.80
715.11
393.02
396.99
260.86
428.10
411.21
1130.30
1127.93
1114.74
700.01
774.70
1339.56
1135.71
697.56
733.73
205.44
344.84
1198.11
1712.70
506.51
1720.09
1538.76
1537.04
1789.76
1811.85
378.21
1129.98
1544.67
1291.79
1585.73
1540.21
1768.68
953.44
1480.66
599.96
1188.98
2147.51
812.03
1470.13
317.79
1281.37
876.06
1287.18
1402.46
1661.97
1269.85
1550.78
1981.91
764.73
1773.91
1511.20
769.35
1464.62
1496.36
1644.47
1176.21
1358.86
2901.49
1679.69
612.14
1288.01
546.10
306.67
1105.56
1896.11
1029.79
1926.12
1332.83
2604.61
1440.23
1761.59
2165.48
2552.60
817.34
2371.09
1941.67
860.19
2348.77
2412.04
2826.38
2014.91
1682.82
1636.92
2517.55
2948.58
2219.99
2430.35
1978.37
2519.58
3044.71
2890.54
1565.63
1661.42
2615.09
1903.32
1129.18
1176.47
1391.84
2315.58
2093.92
1480.71
1755.24
2713.22
2177.94
2011.67
2391.32
2375.48
2369.78
2679.33
2813.91
1638.97
1152.77
752.57
1023.62
2579.41
2552.62
1792.36
1660.47
401.77
702.95
1406.46
2292.76
1982.28
1737.80
2795.23
1997.13
1959.48
2919.91
546.31
1404.70
628.65
2004.74
2252.01
1715.99
642.25
2467.91
2322.95
2412.39
1155.44
2198.16
782.36
1357.55
1214.46
685.77
1941.62
1306.69
1598.31
934.20
1753.56
2104.99
1115.70
1512.70
1424.22
1603.78
1412.30
2006.55
2177.50
1259.38
1962.72
1389.23
312.22
546.04
1758.11
2383.88
1820.15
1820.47
1001.11
642.01
1493.07
1473.42
1362.41
1528.42
2140.06
1415.38
1671.21
1349.69
1702.04
1674.26
1961.50
1151.74
722.02
1433.77
1696.51
1848.76
1827.35
1360.97
708.02
961.87
226.79
611.20
1677.15
1282.55
997.12
890.05
1281.66
1506.51
512.41
726.32
1313.18
1165.66
587.48
1022.27
807.02
1121.42
447.02
635.38
492.27
705.38
340.84
1022.54
296.43
1244.42
386.85
834.03
377.99
482.91
790.98
179.92
1119.40
563.66
394.19
318.47
729.77
781.01
268.15
943.04
829.34
523.27
565.26
642.85
254.16
248.38
318.49
175.47
157.81
277.74
277.59
674.93
199.59
673.18
682.85
219.63
131.66
383.31
298.15
435.41
167.41
586.06
319.38
267.22
243.48
128.98
248.63
289.63
553.12
140.11
103.47
94.21
489.05
126.37
261.31
120.02
108.35
57.62
207.83
204.33
246.35
112.70
67.93
174.75
109.48
79.04
114.14
144.54
60.62
251.27
104.16
87.43
116.43
94.49
222.34
80.38
44.03
59.00
93.92
93.94
121.71
265.74
279.20
274.64
127.36
87.29
83.00
96.47
40.49
39.15
53.66
75.87
109.77
205.25
255.15
55.91
49.83
192.25
132.49
103.94
92.94
49.25
83.66
356.01
422.96
167.16
201.13
115.15
47.78
61.74
384.40
169.18
167.74
167.48
72.86
150.77
119.30
217.40
85.63
221.47
134.53
213.84
191.92
232.06
286.45
122.00
325.61
102.67
317.92
140.37
114.87
189.42
309.19
753.20
763.53
682.70
694.81
580.61
240.61
538.87
825.14
879.97
190.19
647.13
417.73
817.90
655.27
816.39
568.64
410.00
1018.08
759.24
462.66
916.31
881.89
1140.07
1207.44
1205.28
1227.45
678.96
961.60
1126.37
284.96
685.54
703.11
257.68
823.06
252.55
264.97
366.86
476.27
374.76
1495.58
1651.11
1656.07
1570.31
788.88
277.46
700.02
578.25
586.25
434.42
1040.61
270.99
836.04
1716.75
364.43
758.04
1445.52
801.67
1190.00
620.29
1980.99
1951.37
1891.68
1565.88
1716.09
869.09
1285.15
773.81
243.61
563.79
1220.45
2134.00
2156.38
2205.51
2181.71
2341.47
2122.22
1436.17
560.87
957.59
1002.43
1715.60
1648.21
1751.07
968.47
440.42
2531.88
2254.98
2512.39
2580.93
2652.64
2681.69
2665.13
2507.48
1299.27
1881.81
2127.78
2356.70
2658.76
2443.60
2359.33
1245.67
854.81
1411.81
2897.12
2844.67
2682.22
2695.54
2696.89
2635.16
2801.92
2542.12
2391.84
2705.04
2322.91
2565.49
2274.42
483.55
1655.13
1425.30
2427.69
2964.69
2899.21
2606.03
2044.29
1125.25
2343.34
1066.82
1386.87
2298.26
2186.84
1562.59
1703.28
1313.32
1252.80
2476.37
1274.59
2028.75
886.60
845.61
1006.80
2041.78
2741.69
2921.84
2910.73
2815.85
3068.11
2929.84
3007.80
3003.64
1254.23
2420.32
2904.15
2879.58
1500.30
1632.61
725.15
1850.92
2336.24
1280.31
2289.05
2729.61
2706.64
2114.16
2517.57
2502.99
1716.75
2496.95
2389.28
2621.05
1922.56
2541.11
2622.83
1746.20
2468.36
2102.22
2318.46
2316.86
2472.68
2322.35
1966.89
1789.01
2481.30
2426.37
1713.87
1577.34
1708.64
1425.30
1279.90
1134.18
1364.77
1071.68
2060.07
1007.69
2157.98
1582.60
913.07
1693.78
2144.26
1593.15
1245.95
897.60
1785.41
684.35
1157.82
1822.29
479.28
1471.92
1578.67
1859.22
1504.54
1676.34
1276.61
1551.28
895.89
1411.06
1242.41
989.52
737.81
524.90
1350.77
1527.47
883.37
1412.81
1485.90
1600.56
1496.36
1196.20
471.43
908.28
473.01
1192.43
1221.72
951.62
877.66
1216.47
941.76
1133.23
738.33
254.53
990.93
374.22
1230.65
1163.04
1198.62
1002.26
988.49
1057.41
1112.26
1067.16
1084.05
1055.74
992.76
462.96
831.07
425.24
877.49
611.45
476.51
668.38
167.95
621.59
386.33
211.93
541.95
542.61
237.28
180.99
661.98
397.79
472.29
734.28
219.75
103.06
421.24
603.70
431.23
276.06
177.06
232.42
111.38
211.14
238.99
488.16
513.21
504.91
309.36
294.11
69.21
216.96
105.66
91.60
138.86
103.98
268.84
162.12
357.18
95.07
226.25
175.58
49.58
142.78
318.91
309.02
46.28
52.16
67.65
124.51
172.50
204.36
98.28
174.88
68.78
87.86
109.97
77.53
119.53
56.58
116.02
54.56
84.37
66.84
245.66
111.05
43.09
54.26
64.17
78.43
172.58
85.64
175.66
369.13
319.55
67.39
92.70
74.59
117.80
88.48
90.26
228.26
113.79
73.72
78.77
332.77
74.20
60.58
165.08
424.69
438.96
413.72
218.08
438.70
282.66
116.24
173.95
138.10
106.50
89.28
382.90
319.76
482.28
165.65
182.69
546.27
420.37
264.45
157.97
304.15
166.30
395.97
94.30
535.31
611.28
117.48
748.94
874.06
847.10
803.02
848.72
339.27
408.16
292.01
678.85
779.14
1009.06
1019.38
1050.63
1111.60
287.20
428.23
615.90
161.15
431.74
605.72
434.60
573.57
891.02
508.12
519.23
491.23
489.82
285.29
257.54
462.90
370.51
663.35
955.06
1322.43
450.04
396.51
917.47
573.19
1203.22
898.08
729.94
481.91
463.65
1669.36
1607.77
1736.67
1974.85
1466.29
581.73
563.95
675.79
1586.21
1897.03
1833.88
1830.62
1961.67
1029.11
1375.25
1125.01
682.67
2181.26
2231.48
2265.13
2206.16
2218.73
2372.66
2395.72
2421.95
2249.88
1935.72
2288.57
1593.65
1704.02
1049.39
1151.79
2122.85
657.66
498.91
1622.54
1897.59
1999.55
1328.85
1832.32
1256.45
1449.55
918.31
2477.05
2741.97
2838.41
2366.38
2217.66
602.76
1374.26
2230.89
2051.87
1874.59
394.90
998.72
2484.86
2432.41
1168.62
880.06
1819.24
2149.93
2124.99
814.95
1493.04
2486.89
2631.52
1435.51
1570.30
2508.23
1253.43
2926.35
1262.76
2630.77
1624.39
1407.33
929.27
2370.12
2427.83
794.04
2071.47
2516.00
2257.78
2349.60
1339.55
1931.09
2914.53
2863.95
2893.54
2719.65
2850.20
1329.29
2531.85
3063.63
2911.92
2249.20
1922.18
1904.77
1497.59
938.14
810.70
1221.32
1495.43
1401.02
1980.45
1187.38
1578.46
1231.19
729.27
886.35
1583.32
1657.08
2070.90
1968.44
1702.38
2275.41
1133.56
2756.53
2607.53
2415.42
2642.64
2501.37
2212.65
1028.74
2093.17
1774.85
1901.87
1069.43
2292.68
1120.73
1292.84
1976.95
1605.74
1802.69
1216.30
1444.58
1992.97
1922.32
1303.53
1855.47
598.04
1264.10
788.37
762.18
1885.22
1706.48
1678.05
2216.31
2032.60
2176.54
1964.46
1947.84
1622.46
1730.65
1448.41
1909.78
1908.72
916.95
1469.52
875.70
894.45
1051.10
1261.17
1206.09
1313.25
871.13
1252.77
1299.50
1286.02
1317.26
1527.84
688.00
1036.11
980.07
1349.41
1173.29
712.18
1575.57
1598.12
1222.46
940.07
384.00
449.16
713.63
911.73
218.95
792.09
241.88
1068.03
846.24
239.29
1094.59
834.76
1145.91
545.02
594.10
761.87
240.65
335.81
423.90
865.63
911.63
377.66
310.17
499.51
415.25
278.75
259.23
511.35
660.43
283.30
543.78
594.24
683.79
601.37
799.26
757.11
764.72
380.84
276.78
325.08
415.09
139.73
178.35
259.41
507.13
353.60
599.43
414.09
218.54
238.44
440.38
73.82
63.99
271.05
70.81
279.18
108.27
48.45
332.83
274.56
74.44
48.84
162.44
92.77
96.92
392.42
344.32
127.46
248.69
134.59
95.29
361.69
51.20
110.26
54.54
129.50
275.41
53.79
108.74
148.79
150.36
278.88
113.51
226.39
136.06
298.14
215.38
241.74
120.17
125.20
62.02
109.44
154.31
120.18
241.69
123.24
250.83
280.93
224.12
164.88
62.43
90.13
142.45
130.64
190.05
46.13
61.52
117.27
271.30
84.99
198.61
69.32
322.06
397.04
398.22
174.01
399.92
240.35
225.86
302.02
208.56
122.15
107.01
232.79
123.74
145.03
95.04
121.30
249.45
159.15
177.67
177.81
357.97
690.14
190.46
138.42
419.23
208.33
279.47
150.41
333.06
217.90
274.56
566.89
153.28