20050101
5.62,0.20
7.62,1.52
7.36,1.74
8.68,6.85
7.67,4.39
7.54,4.80
11.05,6.15
11.44,4.82
8.26,4.41
13.60,6.44
9.68,8.11
9.72,6.49
6.61,2.08
7.14,1.31
5.21,0.31
3.60,-1.80
6.22,-0.09
6.16,1.87
5.70,0.30
7.43,1.94
5.65,1.65
5.13,-0.84
2.86,-2.04
2.06,-1.12
0.62,-2.54
0.69,-2.91
0.54,-2.84
-0.29,-6.43
-0.34,-8.33
5.77,-1.07
6.62,2.67
5.76,-0.72
5.48,-0.83
5.12,0.53
6.64,2.45
6.32,-0.18
1.02,-4.52
1.07,-5.57
0.81,-6.93
3.52,-6.47
6.85,2.63
6.84,1.01
8.68,0.83
2.74,0.13
2.23,-1.16
1.80,-1.66
0.43,-1.82
-0.47,-4.04
0.66,-2.41
4.44,-0.81
2.42,-0.26
3.60,-0.52
0.50,-1.76
0.96,-1.33
1.46,0.14
1.98,0.30
0.75,-2.54
-1.75,-5.99
2.37,-8.93
-0.50,-3.96
0.18,-2.94
-0.31,-9.43
0.29,-13.47
0.10,-6.55
0.11,-8.13
4.89,-6.93
6.39,-1.11
3.21,-3.39
4.26,-7.59
4.61,1.04
3.53,-0.37
4.67,-4.51
7.36,-0.95
8.51,0.81
14.21,8.40
12.21,8.01
9.09,4.89
5.08,-1.12
4.71,-3.41
8.37,-1.31
12.08,-0.22
13.01,6.44
17.17,3.84
12.52,6.67
9.77,6.43
7.72,3.48
9.56,2.61
9.24,2.76
10.20,2.53
10.50,-0.25
13.63,-0.04
16.67,0.49
19.36,3.26
21.62,3.77
14.06,5.12
14.22,2.61
12.86,5.03
9.95,4.14
7.70,-0.21
9.66,-1.05
15.61,4.82
15.23,4.12
14.19,7.68
15.99,9.69
20.95,9.40
17.48,7.30
15.28,6.44
12.89,5.42
11.93,4.96
10.77,1.47
12.04,1.68
9.21,1.88
12.91,1.27
13.85,1.16
12.38,3.18
14.82,5.74
9.44,5.30
17.36,5.72
15.49,9.13
17.71,9.98
22.23,11.78
25.87,13.49
20.24,10.28
15.85,9.69
13.44,4.50
12.38,6.17
12.59,3.63
11.18,2.60
10.21,3.64
9.91,3.60
12.49,2.62
13.90,3.45
16.63,1.95
17.76,5.86
15.63,7.02
12.44,5.25
11.99,1.02
12.42,2.12
17.58,1.88
17.61,10.38
19.90,12.42
21.91,11.29
20.01,9.99
18.49,6.53
20.24,12.19
28.33,12.50
26.00,13.60
33.05,15.55
20.59,12.22
14.76,9.31
13.47,7.82
12.82,6.86
15.12,5.00
24.82,13.51
17.22,12.33
15.97,10.46
13.10,8.48
16.69,7.92
17.16,6.05
18.76,5.84
15.96,10.04
14.03,8.83
14.42,7.04
14.66,8.35
22.58,7.29
24.97,8.54
22.50,13.70
20.69,13.44
21.56,9.49
25.48,9.56
28.33,14.32
28.28,15.40
21.64,12.51
27.29,11.04
29.35,16.26
23.51,14.66
22.18,10.46
20.61,7.41
20.12,11.55
23.70,8.86
23.30,12.65
20.30,13.97
24.11,10.70
26.11,16.45
29.44,16.67
21.60,12.65
20.26,12.60
19.91,12.62
21.59,13.81
25.89,14.31
28.13,14.04
27.46,15.56
28.90,14.45
26.36,14.46
23.37,13.93
27.97,15.02
19.40,13.88
19.52,13.24
23.34,16.18
20.19,14.73
17.43,12.35
15.94,11.88
22.27,14.82
17.38,13.99
19.62,12.93
21.56,14.62
18.29,13.13
21.24,10.87
28.22,16.02
28.07,18.05
20.55,15.73
22.22,13.05
16.80,13.41
18.80,12.83
21.15,9.16
19.56,11.53
18.46,11.02
17.98,10.05
17.37,9.65
17.53,8.38
16.74,12.73
16.27,12.70
17.21,13.40
18.44,12.76
17.95,12.52
17.69,13.13
21.93,12.65
19.27,10.72
20.85,12.29
25.38,11.89
27.39,14.36
24.96,15.18
25.11,15.85
27.27,14.67
19.60,14.46
20.96,10.15
15.86,12.80
17.78,9.96
19.33,8.74
20.42,11.63
24.07,12.93
21.99,13.73
25.00,11.77
28.40,14.88
22.12,15.67
21.06,10.27
21.98,7.47
26.22,11.12
26.58,12.92
26.59,13.58
26.31,15.14
20.11,14.40
22.85,15.15
17.68,14.86
19.59,11.94
19.62,7.53
17.80,10.95
17.77,11.03
15.15,8.41
15.57,3.29
14.78,4.44
17.85,11.92
20.67,10.55
20.50,5.49
20.82,8.63
22.01,8.08
22.65,9.87
22.52,9.65
18.11,11.60
16.83,10.57
15.27,8.71
12.66,8.45
16.49,8.02
13.87,10.20
15.30,7.41
16.19,4.39
16.18,4.02
18.15,7.61
20.00,9.37
19.76,10.87
18.92,9.81
14.88,10.70
19.04,11.75
18.34,8.88
18.48,8.49
17.30,6.53
16.04,4.39
15.21,4.85
13.17,1.51
13.32,2.64
12.92,3.28
13.04,3.74
14.30,4.88
14.45,6.35
14.15,11.79
12.19,4.96
10.53,4.77
13.83,10.10
14.61,10.61
19.48,10.06
17.47,11.77
18.02,8.60
19.68,8.73
16.94,8.46
14.01,8.58
12.34,5.77
17.76,11.55
14.80,11.49
12.12,8.09
13.60,5.45
10.35,7.95
12.38,8.19
12.60,5.70
10.95,4.93
12.58,9.49
12.11,7.71
9.87,4.74
9.34,1.21
9.23,2.95
4.24,-0.82
3.22,-2.41
3.89,-4.99
4.49,-4.75
6.83,1.83
5.20,-2.24
3.17,-3.18
4.18,2.83
4.61,2.39
2.43,-0.44
1.37,-0.66
0.54,-2.69
1.55,-1.95
1.94,-1.67
3.96,1.59
3.13,-0.74
0.78,-1.95
1.09,-0.97
4.00,-1.08
5.73,3.01
6.36,4.48
5.27,1.87
4.46,1.92
3.89,-1.73
2.71,-2.06
7.09,1.91
8.21,1.88
7.45,2.03
7.43,4.50
8.33,5.14
7.55,-1.03
1.21,-3.91
3.04,-4.02
4.32,-0.85
7.78,0.24
5.56,-2.25
7.12,2.87
7.48,2.80
8.40,3.73
4.22,-2.36
0.03,-4.35
0.67,-5.95
-0.31,-2.52
-0.42,-2.22
0.13,-4.01
2.23,-5.14
3.60,1.49
3.14,-1.49
-0.25,-4.13
0.97,-1.51
1.61,-0.11
0.13,-2.15
-0.21,-1.71
-1.08,-4.63
-1.54,-7.14
2.49,-6.32
4.05,2.11
3.87,0.52
1.28,-2.12
2.69,-3.26
0.29,-4.93
0.57,-6.54
-0.09,-4.38
0.43,-0.88
-0.10,-2.40
5.74,-0.50
3.56,-2.11
-1.77,-6.76
-4.92,-10.59
-2.72,-11.51
0.00,-3.80
0.60,-0.71
0.97,-6.99
-3.26,-11.29
0.75,-9.16
4.63,-0.31
3.65,0.35
2.24,0.29
2.37,1.09
3.96,-0.00
1.71,-2.87
-0.03,-3.89
2.79,-2.51
6.41,2.76
5.64,2.44
3.05,0.74
3.33,0.80
1.75,-3.44
1.58,-5.29
5.40,-2.39
3.50,-4.39
4.57,0.66
4.94,3.26
6.78,3.06
6.34,2.76
4.78,0.22
3.15,1.38
2.27,1.18
1.35,-1.22
1.54,-2.03
3.24,-2.78
0.51,-1.50
3.11,-3.07
2.76,-6.21
2.08,-1.75
1.88,-1.09
1.75,-1.21
2.72,-1.95
2.77,-5.64
-0.75,-10.02
2.26,-12.27
1.13,-3.93
3.25,-5.47
2.73,-2.63
-0.12,-2.02
-1.96,-5.63
-0.99,-11.39
-0.06,-14.66
-0.82,-11.25
1.07,-4.82
1.26,-0.11
2.49,-0.53
0.72,-2.18
4.69,-1.55
6.68,-0.51
5.39,-5.80
4.92,-4.37
6.22,-4.97
7.16,-1.98
3.84,0.70
11.43,1.52
16.34,8.72
12.98,7.24
8.75,3.22
11.75,1.91
10.47,5.01
12.12,4.77
9.18,4.46
8.24,3.28
7.55,1.78
6.81,0.84
9.26,-1.23
11.36,3.83
10.89,2.50
7.39,2.09
9.29,3.61
7.94,0.23
8.50,3.12
10.36,4.43
10.12,5.02
13.71,4.16
14.95,7.18
12.91,3.47
11.76,4.43
14.22,1.94
12.16,6.68
15.37,6.91
11.39,6.76
12.57,6.49
12.80,6.25
21.42,4.85
15.86,10.31
15.84,9.00
13.00,3.58
8.75,4.68
11.52,3.78
15.34,1.98
16.76,8.66
23.31,7.71
22.95,10.97
23.20,10.78
20.60,8.91
21.23,7.91
20.62,8.64
20.81,6.97
23.82,6.69
23.78,7.85
21.61,7.89
20.76,7.42
14.72,5.83
15.52,2.14
18.04,9.62
16.10,10.05
17.61,10.39
14.97,10.40
15.03,9.53
15.25,9.31
18.55,11.43
13.56,7.63
14.88,5.18
14.30,5.75
15.24,5.30
15.76,8.26
13.08,9.99
15.05,8.24
12.09,7.61
17.38,8.39
14.90,6.66
18.23,5.13
14.28,9.50
15.01,6.97
16.92,7.89
19.13,8.36
19.41,6.36
21.44,5.97
23.02,8.56
23.77,10.25
27.03,13.34
29.28,12.40
30.94,15.12
23.64,15.02
22.38,12.50
17.85,13.58
18.15,11.92
23.61,10.80
28.62,14.68
23.10,12.37
19.33,15.54
19.01,12.21
19.11,10.35
23.36,11.88
27.00,14.58
23.27,17.30
18.62,13.47
17.07,11.19
19.06,6.48
21.09,8.25
24.92,11.61
27.79,14.78
28.64,14.88
29.44,14.74
31.62,16.10
29.42,19.25
26.82,17.80
23.31,16.80
26.55,13.51
22.57,16.20
25.60,13.83
24.24,10.63
26.64,11.92
22.52,10.68
23.93,10.89
26.96,10.75
28.85,11.83
28.47,12.73
30.82,15.34
35.25,17.51
26.89,17.86
29.64,16.00
27.43,19.41
27.43,16.05
27.79,14.17
30.66,14.60
34.01,18.28
27.23,20.36
27.33,19.40
28.78,15.52
24.64,16.00
25.77,14.44
21.20,13.04
21.90,12.44
24.38,11.91
25.33,13.81
26.27,15.52
26.35,14.33
22.49,13.12
21.54,12.63
20.98,13.44
20.59,12.54
19.96,12.47
21.30,10.76
15.51,13.07
19.07,13.53
22.91,12.10
23.76,13.39
23.20,14.87
25.40,14.26
22.96,14.91
19.35,14.64
20.31,13.90
20.13,12.92
22.83,11.13
19.68,14.80
20.12,13.85
18.93,13.31
17.58,11.88
16.58,11.52
18.61,10.60
19.63,11.39
19.92,15.19
23.65,13.80
19.07,16.25
18.75,14.12
19.31,13.34
23.56,13.92
18.68,13.39
18.32,12.47
18.42,11.01
20.53,8.29
24.24,11.47
26.12,11.92
26.31,12.02
25.09,13.80
24.14,13.64
23.78,16.56
24.25,15.60
22.81,14.59
19.91,13.68
20.05,10.70
23.57,9.15
25.09,12.91
24.05,13.42
23.22,12.20
23.62,12.77
21.41,15.51
18.13,14.13
20.18,12.83
21.69,13.28
20.67,13.00
19.12,10.31
17.79,12.12
15.05,11.58
15.90,9.73
14.43,9.47
15.78,11.47
15.72,11.14
15.48,10.61
18.32,8.43
18.24,10.56
17.04,11.79
14.44,11.28
15.28,11.82
13.72,7.63
12.15,7.65
15.36,6.40
15.74,5.60
15.28,4.82
16.51,9.73
15.64,10.49
17.06,12.44
16.48,11.48
17.45,12.34
15.73,11.83
15.50,9.42
19.64,10.28
18.30,10.28
13.02,8.63
14.57,8.50
11.40,5.00
12.78,9.15
9.30,0.22
7.38,-2.37
5.76,-2.45
11.21,-0.09
11.62,8.72
12.91,9.98
12.05,8.45
10.10,4.74
11.02,6.17
10.04,2.95
10.09,4.54
8.11,4.70
11.04,4.81
10.78,8.17
13.55,9.26
15.77,8.89
14.40,8.02
11.51,5.49
6.17,2.48
7.00,2.08
8.33,4.54
6.46,1.97
10.00,4.71
10.75,8.39
16.28,9.69
14.75,8.41
11.58,4.57
12.57,5.78
10.85,7.96
9.06,3.33
9.23,3.01
10.09,7.39
11.72,6.70
9.56,6.90
14.02,7.28
10.91,8.17
8.83,6.29
12.00,7.82
11.03,4.33
7.66,1.74
8.12,3.43
8.31,4.19
10.61,6.61
11.43,9.86
10.92,6.85
7.62,3.46
5.29,2.15
5.52,-0.41
6.69,-0.38
8.89,4.16
8.00,6.27
7.27,6.02
7.51,5.79
7.67,5.71
7.55,6.00
6.30,2.76
3.07,0.73
2.57,-0.12
5.91,1.90
9.23,3.19
9.61,6.67
10.47,6.17
6.88,2.99
7.00,3.98
8.65,6.63
8.39,6.77
8.66,4.61
7.95,1.91
8.32,5.19
12.55,5.74
12.57,6.59
8.27,4.32
10.66,6.99
11.61,8.47
9.83,5.67
7.40,3.59
9.17,2.91
10.55,6.83
11.02,5.46
8.36,4.94
10.99,5.36
6.84,3.70
4.41,-3.48
-0.31,-6.45
0.28,-7.54
0.22,-6.18
2.96,-5.42
3.66,-0.14
7.17,1.46
7.13,2.40
7.86,3.92
7.71,5.21
7.51,2.88
7.51,5.58
8.15,5.33
7.06,4.32
6.73,1.58
3.00,-0.34
3.74,-1.64
1.05,-3.64
1.45,-0.30
1.02,-1.57
-0.56,-4.05
5.32,-0.56
4.95,3.88
8.03,3.96
6.25,2.28
5.02,1.81
7.91,2.70
7.67,-0.33
6.42,-0.04
6.06,0.11
7.15,2.89
7.44,2.82
2.96,-0.02
6.27,-0.59
9.69,5.89
6.40,2.76
6.55,2.43
10.19,1.57
9.51,4.59
8.26,3.91
7.54,0.08
9.80,0.71
10.29,4.30
10.79,4.35
10.81,6.92
9.21,4.16
8.88,3.60
10.54,2.30
14.12,6.03
17.44,3.27
14.49,1.15
13.13,2.38
12.14,3.17
10.53,4.89
10.02,4.47
9.03,2.45
5.68,0.62
8.78,0.59
5.27,0.82
6.87,3.14
10.56,3.19
12.55,5.50
14.52,4.16
15.00,2.67
15.19,4.41
16.71,3.56
15.78,5.95
13.87,4.62
14.76,3.07
15.78,3.21
16.48,2.39
9.34,2.46
11.33,-1.31
11.71,6.46
11.75,6.08
10.83,1.74
13.60,4.54
11.96,7.95
14.59,8.80
15.55,7.17
17.20,4.34
18.13,6.53
21.96,7.35
23.46,6.98
25.66,8.44
15.31,6.47
12.07,3.92
13.95,3.05
9.06,3.21
10.94,-0.40
18.17,1.98
20.93,5.45
17.67,11.12
24.23,9.90
25.07,10.98
24.84,8.29
21.49,8.71
12.97,4.58
18.10,1.42
18.46,2.33
18.33,3.61
18.39,4.60
20.44,4.17
21.48,3.99
20.90,4.79
14.69,8.94
14.90,7.38
14.38,7.37
16.01,7.43
13.36,6.95
14.08,5.43
19.89,10.18
19.81,10.98
15.14,6.83
16.14,6.94
13.79,4.21
18.61,4.08
20.04,11.07
19.89,7.69
26.32,13.05
20.84,12.44
18.64,8.09
23.50,7.66
21.20,11.67
16.25,11.14
21.02,10.87
19.48,14.41
15.90,11.49
17.30,9.60
21.42,8.64
21.56,10.00
17.87,12.45
20.13,11.29
18.08,11.56
18.79,14.16
23.45,14.06
26.02,13.52
28.32,14.98
27.52,14.64
28.45,13.59
28.87,11.61
23.91,14.76
21.72,14.13
19.99,12.94
16.26,11.57
17.83,13.40
19.88,11.60
18.89,11.58
23.54,12.13
26.31,13.90
18.35,13.24
22.12,12.73
20.41,11.26
21.62,12.71
23.71,14.28
16.95,10.29
13.67,10.32
16.84,10.10
17.30,8.89
18.33,10.20
22.19,8.80
21.25,14.53
20.16,12.64
19.76,11.58
19.70,10.98
18.75,13.76
19.62,13.35
20.50,11.44
19.77,9.82
18.61,8.88
15.43,10.38
18.07,11.31
21.19,13.32
29.07,14.37
26.91,13.91
33.02,17.12
25.01,16.15
24.91,13.50
23.54,12.67
23.14,13.33
23.19,15.74
18.57,13.69
21.15,12.36
19.76,14.09
20.99,12.42
23.75,14.21
20.56,14.12
20.94,13.09
16.33,11.33
14.60,9.77
17.28,11.23
21.22,10.35
19.91,12.04
20.02,11.98
24.26,9.78
27.64,12.81
27.38,16.39
26.74,15.54
23.92,16.24
25.16,16.47
21.38,16.64
18.76,15.67
22.85,12.57
23.47,12.72
23.60,13.48
23.39,16.44
21.59,13.25
18.32,10.83
20.49,9.72
22.81,13.45
24.74,14.22
19.38,15.32
21.84,15.48
24.33,14.72
23.41,13.89
20.68,15.32
20.99,12.71
18.10,11.74
17.64,7.59
17.36,6.94
15.73,9.00
16.77,11.62
18.10,10.87
19.13,12.42
16.29,8.17
16.37,7.76
17.91,5.74
18.96,12.65
20.76,13.70
18.81,12.91
19.03,10.17
16.03,10.82
18.26,9.31
18.07,9.33
15.97,7.14
15.17,5.99
15.08,9.11
20.11,9.64
15.89,12.09
14.56,5.39
15.32,5.11
15.30,11.79
17.47,13.03
19.54,9.29
21.71,8.79
22.73,11.63
16.48,8.15
15.67,5.25
15.57,5.23
13.99,12.60
17.04,11.29
16.23,10.00
14.64,6.19
15.81,3.46
15.47,2.88
14.74,7.90
14.82,6.44
14.77,4.77
15.96,3.49
12.19,5.34
12.10,8.30
12.61,5.90
13.36,8.41
14.89,3.00
12.65,1.72
14.56,1.89
16.61,2.64
16.69,9.00
13.46,5.93
10.95,4.35
10.72,0.99
9.05,-0.88
10.79,0.73
8.27,-1.71
9.63,-1.30
10.82,8.18
10.75,6.81
10.41,6.38
12.54,3.88
10.69,4.07
8.96,7.68
12.37,3.86
10.66,3.43
12.99,10.50
12.79,5.82
13.24,7.99
10.98,1.93
8.47,-0.29
8.56,3.68
11.42,5.23
10.71,6.20
7.88,3.29
7.29,1.74
6.40,0.42
6.90,-0.96
6.59,-2.96
4.84,-0.85
2.56,-3.05
7.58,1.40
7.20,5.43
6.67,3.32
4.14,0.69
5.09,1.26
6.68,1.06
8.77,3.51
7.95,2.42
4.58,-2.15
7.08,1.91
4.90,-0.19
3.94,-3.09
5.30,-0.64
6.61,3.07
7.87,4.10
9.82,5.91
9.23,5.82
8.19,3.80
8.20,2.71
11.51,5.68
9.96,7.80
12.13,5.96
6.84,4.00
8.08,3.01
4.75,1.28
5.87,1.97
4.65,2.21
4.17,2.27
3.59,1.36
4.34,-2.81
1.23,-4.69
2.93,0.25
2.11,0.50
0.81,-2.18
1.63,-0.94
0.14,-4.82
-4.07,-5.57
0.55,-5.25
0.29,-2.86
3.00,0.20
3.29,1.46
5.88,2.66
8.25,5.67
6.70,3.43
6.07,1.99
4.71,-2.31
2.17,-1.22
1.28,-0.64
-0.54,-3.83
-3.32,-5.62
3.90,-3.33
4.24,2.08
6.19,0.68
6.19,3.71
6.28,3.62
8.61,4.00
9.76,7.70
9.79,3.93
7.01,0.53
6.47,-0.05
9.62,6.04
9.79,6.09
6.81,1.93
10.17,5.61
12.45,3.43
8.43,3.90
7.31,0.20
2.98,-0.56
7.50,0.35
8.90,3.29
8.95,3.05
8.98,5.03
8.29,3.18
7.80,5.97
6.99,4.41
6.38,1.39
3.91,0.61
6.52,3.25
4.31,0.11
5.69,0.53
6.63,0.47
7.15,1.76
8.60,4.50
7.89,3.88
9.67,3.35
12.75,1.36
11.54,-0.17
3.20,-2.09
4.20,2.77
3.77,2.06
4.78,-2.63
2.89,-4.93
3.59,-5.59
4.59,-4.14
7.11,4.39
7.44,4.38
7.83,-0.64
8.69,1.08
10.64,6.55
9.33,5.22
9.71,7.60
8.65,2.93
10.47,5.55
8.24,4.78
8.81,3.02
8.94,0.84
8.02,4.93
7.79,4.43
6.86,0.90
6.51,-0.42
5.75,-2.39
7.38,3.42
8.31,4.14
10.59,0.86
10.77,4.89
12.17,5.92
9.01,5.08
7.31,3.00
8.85,4.24
8.13,2.56
8.56,3.08
8.23,2.14
6.50,-0.08
7.67,-0.94
7.58,-1.43
5.45,-4.10
6.99,0.48
3.64,-3.76
3.54,-6.37
2.96,-1.30
5.20,-1.78
6.63,-2.64
7.77,-4.28
11.23,-1.07
9.81,4.95
17.80,5.59
12.54,4.07
15.44,1.06
10.05,6.20
9.43,5.43
10.38,4.09
7.66,2.37
7.96,-0.94
8.96,-3.02
9.50,-1.33
10.83,-1.80
10.58,-2.47
6.49,-0.47
13.87,1.02
13.84,0.74
9.97,1.65
11.21,0.71
10.41,-1.82
8.42,2.08
10.78,2.91
9.71,1.90
12.25,0.71
13.79,3.04
13.12,4.18
15.80,1.84
19.59,5.71
16.15,6.02
17.73,6.78
21.23,7.52
22.13,9.79
12.20,8.52
18.74,8.47
16.82,4.68
16.79,2.99
18.04,2.66
17.71,3.19
19.03,3.60
20.61,2.66
22.18,4.46
22.81,5.39
23.88,6.43
24.03,8.73
24.51,7.06
24.91,6.61
17.35,6.56
17.95,3.16
21.56,3.78
21.96,4.48
13.56,5.09
16.86,4.00
16.15,1.78
15.86,-0.01
16.74,2.30
17.79,2.25
19.48,3.30
18.83,4.57
17.48,6.45
14.16,10.19
18.72,9.21
23.24,11.76
22.60,12.03
25.91,13.14
27.53,12.29
27.40,11.63
30.02,12.88
26.62,13.67
22.29,11.91
23.49,10.64
24.28,11.28
26.52,12.83
26.85,9.27
25.86,10.04
22.50,8.05
19.16,8.72
17.83,7.26
17.85,5.13
16.52,6.54
16.24,4.98
18.27,6.84
19.38,6.33
22.94,8.66
23.07,10.15
20.56,9.28
20.13,10.96
27.85,12.19
17.04,9.20
19.63,6.80
22.94,6.40
22.73,11.67
18.22,10.75
20.01,11.43
22.34,12.89
20.82,9.59
24.35,8.13
29.69,13.75
31.21,16.43
18.79,13.13
23.86,12.57
24.03,11.72
20.20,11.64
19.84,11.66
18.22,10.82
21.28,11.16
22.22,15.34
19.56,11.82
20.82,10.22
20.84,11.57
20.57,14.52
19.49,12.06
18.91,11.77
18.61,13.02
19.10,12.78
18.54,11.37
16.91,10.45
20.33,9.84
22.67,8.13
24.92,9.78
26.76,15.56
28.48,16.40
29.67,15.38
30.17,15.63
32.32,15.11
25.84,15.93
29.89,14.90
29.57,15.32
24.53,13.72
22.41,15.60
19.70,14.43
20.88,11.52
21.87,11.26
30.00,15.04
20.38,13.49
19.51,13.06
20.13,13.81
21.44,12.90
21.51,12.84
19.87,13.51
20.18,11.04
20.62,9.23
21.11,7.27
23.37,7.55
17.48,13.76
21.77,15.49
20.82,13.56
19.84,14.14
21.38,12.71
14.63,12.51
18.27,13.04
18.87,13.11
19.07,13.65
17.52,15.64
20.24,16.01
19.84,11.62
21.94,8.40
23.68,9.60
20.81,12.26
19.70,10.65
18.22,11.21
19.20,9.87
21.40,10.94
22.62,14.15
22.44,12.78
19.36,13.11
21.24,11.90
21.09,12.17
21.67,12.73
18.29,10.32
16.50,6.43
15.48,7.41
15.91,8.50
13.00,8.18
14.59,5.12
15.36,3.46
15.37,1.38
18.18,1.95
17.39,8.16
14.11,8.63
14.32,11.70
16.76,11.23
17.34,5.42
16.08,4.52
13.40,6.21
16.52,7.38
14.82,7.76
12.17,8.10
12.95,8.33
11.83,7.66
10.57,7.01
11.01,6.58
11.62,6.52
14.55,1.57
16.54,8.26
17.91,10.53
15.75,6.23
15.49,6.06
17.65,9.22
13.62,8.37
18.08,7.72
15.09,8.84
14.39,8.46
11.80,6.72
12.36,6.45
11.23,6.75
12.96,9.92
15.31,7.62
15.21,7.14
10.31,5.09
12.74,3.59
10.17,6.85
12.06,4.92
11.73,9.65
10.35,3.64
8.94,3.22
5.34,-0.65
6.71,-0.04
6.51,-1.05
8.59,4.06
9.52,6.28
9.28,6.57
9.54,7.53
9.90,8.59
10.21,9.31
11.01,6.73
9.90,5.20
10.92,5.46
14.65,6.76
14.28,6.57
9.29,5.86
8.15,3.98
11.56,6.01
11.60,8.84
9.50,3.96
8.37,-1.30
8.06,3.56
10.09,4.30
10.20,2.79
4.07,-1.03
3.09,-2.48
3.11,-1.99
2.97,-2.96
4.06,-2.60
8.10,-0.14
8.08,6.51
6.64,0.92
2.00,0.28
2.63,1.10
4.64,-0.63
5.53,2.36
3.35,-0.74
4.04,-0.12
5.66,3.54
5.14,3.81
5.84,1.56
5.93,2.93
2.93,0.22
2.77,0.09
1.44,-0.28
1.56,-0.40
3.51,-0.29
5.28,2.12
3.11,2.49
3.19,2.09
3.04,1.91
4.58,1.52
6.90,2.12
8.12,3.44
9.30,3.57
9.39,4.86
7.01,3.16
7.30,3.92
5.76,-1.38
0.56,-4.16
2.18,-0.97
2.72,-2.03
0.74,-4.24
-2.47,-6.78
-0.55,-8.53
0.05,-4.53
0.75,-8.17
4.47,-6.83
2.64,-2.07
-1.22,-9.87
-2.73,-11.75
1.12,-8.62
-1.70,-11.01
1.64,-2.50
3.60,-3.18
2.00,-4.61
6.00,0.40
4.95,2.68
3.17,2.33
3.22,0.59
1.62,-0.14
3.65,-0.44
4.74,2.36
5.18,0.83
6.40,1.49
4.04,-2.13
3.74,-0.98
2.47,0.29
5.01,0.35
3.88,-1.62
-0.37,-1.91
-0.07,-2.04
-1.32,-3.40
-1.76,-4.23
0.80,-4.57
2.68,-0.03
0.17,-4.51
0.82,-1.02
2.13,0.69
2.08,0.41
4.44,0.34
9.08,2.46
3.90,1.08
4.32,-1.04
2.00,-1.44
1.04,-0.10
1.47,-4.82
0.28,-8.74
0.49,-10.30
-1.01,-7.64
1.49,-3.62
2.44,-0.09
0.72,-6.09
0.48,-8.89
2.54,-0.74
3.23,0.11
3.33,-1.93
7.47,3.23
7.72,-0.32
6.52,-2.51
5.42,3.21
6.84,4.63
7.55,2.54
6.13,2.46
8.49,4.00
7.78,3.79
8.54,2.76
10.07,2.09
9.50,3.15
4.58,2.41
5.48,0.29
7.72,0.42
5.60,0.25
7.38,1.71
8.90,1.37
6.72,2.66
10.47,1.56
10.58,0.79
10.02,5.67
8.38,5.20
10.51,1.33
10.44,0.61
8.79,-0.89
7.82,-2.84
6.95,-3.36
9.28,4.42
6.41,1.15
4.15,-2.08
2.53,-1.33
7.02,1.70
8.25,2.37
9.06,2.48
8.83,-0.46
9.54,-1.59
10.33,0.39
10.33,1.49
15.09,4.35
18.95,2.13
19.16,2.46
13.83,2.10
15.40,0.12
22.22,8.55
17.20,7.62
17.04,5.51
20.51,7.09
20.67,8.98
18.10,6.45
19.87,5.44
20.70,4.92
19.59,5.68
19.42,6.73
12.85,4.81
15.66,1.63
13.77,2.87
16.14,-0.45
19.30,-0.11
12.39,3.67
15.79,2.97
18.59,1.61
21.60,6.34
23.16,8.37
19.21,9.08
21.94,10.47
17.22,8.53
22.67,6.90
18.21,4.91
20.34,2.60
15.66,6.89
13.31,5.17
13.67,6.58
12.87,4.55
14.48,6.59
17.24,6.20
17.64,5.53
17.69,4.11
15.36,3.57
15.49,2.19
17.04,1.74
15.79,6.92
15.89,8.48
16.48,7.74
17.74,9.42
20.27,7.94
20.73,6.60
20.11,8.66
20.45,5.62
16.51,7.48
17.80,7.35
21.51,6.82
21.04,10.08
25.51,11.25
16.52,9.80
15.65,8.19
19.48,6.71
19.78,6.96
22.92,11.34
25.13,10.56
24.19,8.77
16.09,5.89
15.56,5.03
16.06,2.96
16.36,0.84
13.18,9.90
15.06,7.30
17.97,7.29
16.82,9.30
12.27,8.58
14.60,8.34
16.29,7.81
18.84,5.61
17.68,7.80
17.09,5.45
19.81,6.18
19.33,11.13
17.55,10.27
16.99,8.35
17.64,7.46
20.84,6.52
21.70,8.08
22.48,10.32
20.11,12.33
21.56,15.38
20.71,13.48
20.08,12.64
23.51,11.65
25.59,13.99
27.07,14.58
27.70,14.23
29.09,14.90
23.26,17.54
24.92,12.69
24.04,12.25
23.39,12.07
21.70,11.15
18.30,10.06
18.85,10.73
18.72,11.95
20.89,10.83
22.66,13.67
25.25,11.51
27.59,13.73
24.82,13.22
24.72,15.31
20.53,14.26
20.79,13.15
19.76,11.64
22.90,11.59
23.65,15.65
21.79,13.84
21.15,12.39
20.52,11.15
21.07,10.16
26.90,15.37
21.39,11.83
25.35,10.47
21.14,11.45
20.86,9.33
24.03,8.19
27.16,15.36
21.77,11.87
23.01,8.69
25.39,9.22
25.73,13.19
28.60,16.08
28.73,15.37
27.59,13.63
23.17,14.58
22.26,15.02
21.42,12.54
20.74,11.51
20.30,10.07
25.62,13.05
23.70,13.79
22.97,13.35
21.61,9.91
26.99,8.52
32.61,18.15
22.66,13.81
21.54,9.56
23.49,6.48
25.20,13.59
22.76,15.67
23.30,12.51
26.55,13.48
20.58,11.22
17.93,9.91
17.62,9.60
22.04,10.44
27.66,14.20
20.36,12.63
19.36,13.47
18.48,11.82
18.24,11.83
16.98,12.47
21.46,11.53
26.45,10.95
23.73,12.87
19.39,10.09
19.52,8.83
18.40,8.58
18.28,11.47
18.15,13.60
19.41,13.56
19.23,8.61
18.23,4.97
18.66,3.86
22.14,7.09
24.09,7.54
18.49,6.17
20.54,8.94
19.10,9.98
17.96,8.71
16.48,8.89
18.48,8.36
19.48,5.53
16.99,11.42
14.65,4.39
15.02,3.31
14.29,6.97
12.40,4.61
14.60,7.30
13.43,6.96
13.86,5.25
17.16,8.09
16.94,9.61
14.46,7.49
12.36,2.76
8.40,4.47
11.35,8.05
10.68,3.35
9.92,1.12
8.41,0.28
9.51,-0.39
9.89,0.60
9.42,2.28
10.68,0.46
10.05,1.91
9.81,2.08
7.60,3.52
6.92,4.61
8.40,5.05
9.13,5.41
14.54,8.70
12.35,10.60
11.82,8.61
11.01,8.15
10.63,6.74
9.10,1.95
6.61,-0.71
6.51,3.01
10.38,4.69
9.86,5.28
5.31,1.18
8.32,2.77
9.52,7.23
8.99,6.03
7.48,4.58
7.24,5.60
6.42,4.79
6.68,4.43
7.93,3.51
12.46,4.96
14.18,10.16
12.21,9.22
10.64,8.23
11.04,7.75
10.06,7.93
11.84,8.22
14.96,7.35
11.71,9.11
12.06,8.20
9.46,7.69
12.14,8.17
12.92,7.62
9.79,6.58
7.42,4.86
8.29,4.42
10.16,5.91
8.40,0.49
4.11,-2.58
1.68,-5.70
6.53,0.81
6.09,2.41
5.28,1.64
9.73,4.79
7.40,2.94
4.72,1.33
6.51,4.33
5.79,4.59
5.71,2.58
3.91,1.11
3.02,-2.50
1.01,-1.01
1.34,-2.09
0.02,-3.24
-0.87,-2.96
-0.24,-10.28
-7.30,-10.98
-7.45,-11.34
-2.31,-7.47
1.55,-3.41
1.03,-3.58
0.71,-5.81
2.95,0.43
5.11,1.86
4.53,2.61
5.26,-3.11
-1.82,-4.86
1.86,-2.36
1.69,-0.64
-0.49,-2.91
-1.83,-9.08
-2.80,-10.40
-2.41,-8.77
-1.11,-3.10
-3.00,-9.86
-2.15,-9.74
-2.12,-10.40
0.39,-4.47
1.16,-0.67
0.38,-1.60
-1.01,-3.41
-1.48,-3.02
-1.00,-2.32
-2.10,-2.92
-0.73,-2.21
-1.79,-3.53
0.95,-6.03
1.15,-0.24
-0.04,-4.96
-4.93,-8.33
-4.96,-7.32
-5.99,-10.21
-8.45,-11.76
-5.99,-13.36
-3.16,-15.58
3.50,-12.83
2.40,-1.57
1.00,-1.97
-1.78,-11.66
0.85,-6.47
0.83,-9.40
1.10,-8.21
2.63,-1.81
1.48,-2.23
2.97,0.46
0.70,-5.02
-2.44,-6.51
-3.38,-7.85
-3.57,-5.16
-1.35,-4.44
-2.00,-4.32
-1.79,-4.21
-1.79,-3.98
-0.24,-8.60
-1.14,-9.96
0.60,-6.14
-0.57,-9.16
1.65,-2.89
6.40,0.99
2.26,-1.31
0.71,-4.36
2.33,-0.74
0.67,-2.91
0.95,-3.33
5.83,0.87
6.63,2.58
5.79,2.54
5.34,2.48
4.21,0.42
5.40,1.07
5.24,-0.90
2.55,-4.06
3.20,-5.30
0.65,-10.81
1.46,-16.66
2.04,-9.27
0.20,-10.84
-0.49,-2.57
2.47,-2.41
4.70,1.25
7.25,1.23
5.28,0.48
4.21,-0.31
5.12,-0.67
10.31,1.76
14.90,2.94
13.49,7.01
12.41,9.17
11.88,2.37
12.71,0.95
10.58,0.74
14.10,0.12
20.29,4.33
15.52,5.77
10.41,5.35
10.23,2.99
9.88,2.87
14.60,3.99
12.29,4.64
8.49,1.97
12.96,1.09
11.85,3.60
14.16,5.89
10.01,4.50
14.15,5.00
17.05,5.85
13.91,3.79
13.23,5.17
13.67,4.88
7.76,3.98
10.81,2.36
14.17,1.47
11.34,0.68
15.50,-0.19
13.05,2.78
13.24,0.65
17.39,1.68
11.16,-1.45
9.94,-1.47
8.19,1.60
10.63,0.11
12.42,-1.35
14.89,3.64
20.80,4.59
13.87,6.72
16.39,5.73
19.20,6.46
23.76,11.89
14.67,6.13
13.73,3.10
13.23,0.15
9.01,5.14
10.65,1.56
12.73,-1.46
9.44,2.87
6.90,5.10
8.34,5.79
10.67,1.57
11.05,0.26
10.80,3.39
8.07,5.45
10.71,6.22
12.44,4.69
13.20,5.53
14.20,5.57
15.87,4.21
12.61,5.65
20.38,7.55
20.21,8.27
18.89,5.93
21.72,9.96
21.29,8.21
16.15,8.40
13.33,4.14
13.64,1.86
16.18,4.63
17.46,5.84
18.31,4.53
17.89,10.52
16.36,9.11
18.83,7.54
20.48,10.30
21.14,8.73
21.57,7.70
21.59,8.20
25.48,7.82
16.08,8.87
21.78,8.72
22.83,14.84
17.31,14.45
23.40,12.18
17.13,10.34
15.15,8.85
17.51,7.37
18.39,4.95
19.89,6.54
22.19,6.14
16.77,7.72
12.73,7.70
17.47,7.05
19.73,5.53
20.46,7.00
22.40,8.97
24.55,8.20
22.00,10.30
21.10,8.76
24.27,6.87
28.93,11.28
28.25,13.70
22.41,10.44
25.79,7.74
33.17,17.92
33.28,18.87
27.11,13.76
24.02,10.94
19.88,9.64
23.70,7.86
29.44,15.90
32.20,13.99
33.73,18.40
28.73,19.72
30.80,17.83
24.08,17.13
30.83,17.64
25.94,13.95
30.02,11.82
24.29,12.76
22.56,11.66
27.11,10.77
29.36,12.94
31.75,17.30
24.80,15.35
22.61,12.34
20.26,12.26
21.46,8.66
23.28,8.42
24.87,9.65
20.41,10.78
22.57,11.03
19.84,11.37
26.11,11.18
25.22,15.01
22.61,14.68
21.99,11.40
22.94,10.43
20.92,13.52
23.29,12.73
25.53,10.28
21.87,15.06
20.56,11.22
25.98,10.38
21.95,12.04
19.76,12.37
23.07,13.83
20.68,15.74
20.94,15.82
20.46,14.39
22.26,14.83
20.63,13.23
20.86,11.58
23.97,10.89
23.99,15.23
22.58,14.15
21.46,12.58
19.16,11.22
17.88,11.82
18.03,11.50
14.74,9.03
17.79,9.98
15.15,10.39
17.14,9.04
18.33,7.26
19.14,11.56
19.88,7.03
19.18,5.05
17.50,7.71
17.90,5.73
17.51,4.05
16.53,8.36
17.34,11.90
15.58,12.60
18.30,12.91
21.26,13.67
20.55,13.17
18.09,11.70
18.20,12.02
15.93,9.58
15.41,9.02
13.52,9.52
14.77,7.98
14.74,9.41
14.45,11.92
16.78,5.80
19.33,4.35
23.04,9.55
19.57,12.88
15.22,10.24
14.27,10.00
13.97,11.96
13.65,5.51
13.29,2.18
13.11,2.42
13.13,4.83
12.99,7.19
16.51,11.28
17.45,10.00
17.85,10.67
19.08,11.51
16.60,12.28
16.32,8.61
16.73,7.32
14.13,2.26
12.41,0.68
12.48,0.47
13.49,1.44
13.11,5.54
11.96,6.55
8.90,4.49
10.70,-0.74
9.70,-0.90
11.64,6.63
9.95,1.74
9.05,1.38
11.20,7.20
10.52,5.82
9.03,1.82
9.53,-0.88
9.70,-0.14
9.41,5.62
11.10,8.09
12.78,9.10
14.79,9.08
9.91,6.83
10.55,8.66
11.13,8.31
12.42,8.85
13.90,8.96
13.91,8.30
9.73,0.45
6.02,-1.93
4.07,-2.34
5.94,3.50
6.10,-0.87
7.31,-1.03
9.96,6.35
9.94,6.72
12.48,5.86
12.38,2.60
7.96,0.26
6.15,4.30
6.41,4.88
6.01,4.52
5.92,3.10
6.40,0.54
6.62,3.73
3.82,0.93
1.06,-3.70
0.10,-4.99
-0.28,-7.85
-3.80,-12.89
-1.09,-13.31
1.19,-2.27
-1.78,-8.39
-3.07,-8.09
-1.50,-5.63
-2.99,-9.09
-1.57,-6.48
1.75,-1.61
1.06,-2.20
-2.05,-4.94
-1.47,-5.35
-0.26,-4.52
2.72,-9.17
7.06,2.60
3.85,-4.89
0.36,-8.09
-1.12,-8.76
-1.72,-8.92
-0.75,-9.14
-4.93,-11.02
-4.64,-8.84
-6.50,-9.74
-4.07,-9.22
-4.24,-7.79
-0.44,-9.59
-0.15,-1.98
-1.69,-4.50
-4.49,-15.90
-4.44,-14.11
-3.25,-7.72
-5.10,-10.66
-8.28,-10.07
0.23,-11.47
3.03,0.29
3.75,0.09
2.03,-4.64
0.05,-5.32
0.94,-0.77
-0.58,-4.99
2.33,-4.11
2.58,-0.06
9.78,2.45
3.88,1.02
2.19,-1.22
2.35,-2.49
3.14,1.89
6.19,2.44
9.22,6.07
8.62,5.72
10.15,7.84
9.20,6.97
8.19,3.25
4.50,-0.26
0.55,-2.83
0.68,-2.81
1.99,-0.79
2.21,-0.53
5.06,-1.38
4.49,0.44
0.82,-3.26
-1.00,-7.17
-0.21,-8.48
0.31,-8.24
-0.89,-2.75
-0.85,-2.97
0.11,-3.19
2.63,0.11
6.33,1.24
9.74,2.35
9.47,5.14
9.40,4.52
9.47,6.03
7.03,3.43
4.97,1.98
7.21,1.74
6.59,0.13
0.54,-2.27
0.62,-1.29
0.80,-0.60
-0.21,-2.89
2.16,-1.99
0.91,-4.25
-0.27,-1.32
-0.77,-2.97
-1.85,-7.23
-2.92,-9.50
-4.30,-10.52
-2.25,-8.88
1.97,-4.70
4.31,-3.42
7.03,-1.28
1.46,-3.30
2.42,-0.11
0.58,-0.84
-0.50,-1.89
1.36,-3.71
0.82,-4.33
8.45,-1.65
5.18,-5.03
6.60,-6.58
9.47,-3.53
6.26,0.62
7.21,1.60
7.79,-0.48
11.39,-0.60
15.13,5.26
10.96,6.98
6.99,0.20
4.05,-0.31
3.55,1.11
6.59,0.48
9.31,-0.74
10.29,-0.57
10.31,-0.87
14.86,2.35
12.16,-0.81
15.15,4.21
9.84,2.87
7.41,-3.47
9.17,-5.59
9.29,-2.43
11.26,-1.64
14.83,-0.92
13.26,7.61
13.83,6.38
22.13,9.66
14.77,6.50
13.21,3.84
12.23,3.57
13.68,8.84
13.38,5.70
13.14,6.33
15.29,1.70
18.47,-1.02
19.14,2.92
10.41,6.29
11.88,2.75
13.22,-0.84
15.63,-1.04
17.31,0.68
16.65,3.65
18.45,0.51
20.97,3.80
22.79,4.23
21.74,4.66
22.00,5.37
20.66,9.14
20.79,5.83
20.13,3.30
20.58,4.64
19.49,6.88
16.14,7.04
16.57,7.23
14.98,4.62
13.78,2.40
10.64,0.31
12.40,-2.50
12.37,0.55
16.30,-2.04
21.98,0.40
24.97,7.84
21.80,8.23
25.99,11.71
25.45,10.38
22.03,7.60
19.84,6.85
17.90,6.15
15.74,5.85
14.66,7.25
13.03,7.30
15.30,11.12
19.46,10.83
15.77,7.99
18.71,5.67
21.99,5.48
24.78,9.25
20.34,8.64
15.66,8.33
16.90,7.15
25.42,9.01
15.30,8.09
16.93,8.03
16.34,10.11
26.32,12.68
20.52,8.63
19.43,6.27
22.17,4.69
23.89,10.16
24.57,8.96
26.55,10.63
27.87,15.14
22.47,11.99
21.93,11.93
19.79,9.54
20.01,7.52
18.30,8.15
19.80,6.17
23.69,11.19
20.47,8.54
21.69,6.84
23.25,13.51
17.63,12.26
19.08,10.60
16.24,10.16
18.11,9.13
19.88,8.23
20.58,11.98
17.88,10.72
17.18,9.43
18.36,8.64
21.98,12.45
26.50,11.22
27.44,16.06
27.79,14.79
17.92,9.47
18.51,8.26
14.13,12.67
18.02,13.64
18.64,14.02
19.40,13.91
26.22,13.28
24.67,11.71
22.54,12.28
24.23,11.90
23.35,10.85
23.10,11.18
23.24,9.29
21.30,14.82
17.23,12.75
18.19,10.39
24.66,9.52
20.91,13.82
20.33,13.18
21.88,12.92
24.02,12.49
19.58,12.61
15.02,12.85
17.33,11.36
14.39,11.04
17.57,10.01
21.81,9.74
23.82,12.09
22.67,11.49
19.53,13.09
21.54,14.74
20.08,15.10
20.70,13.73
25.70,13.89
25.58,15.43
22.91,16.36
22.52,12.60
22.94,11.39
21.25,12.75
18.59,12.31
17.43,12.31
17.10,11.71
16.37,12.52
18.44,15.12
20.87,14.96
19.16,15.20
20.32,10.95
18.08,9.75
22.69,11.06
21.26,9.49
18.06,11.33
21.94,10.22
26.58,12.69
22.47,13.14
22.84,12.48
24.83,15.48
23.72,15.80
29.27,17.69
18.19,12.86
18.39,10.99
15.87,11.00
16.12,10.50
16.24,10.46
17.57,6.87
19.56,4.49
26.25,11.56
25.15,16.91
19.94,12.63
18.98,12.03
16.10,11.16
15.17,10.52
17.96,10.73
23.05,15.73
22.77,15.82
18.96,14.37
18.41,12.31
14.87,11.65
16.30,10.36
16.66,7.75
17.63,10.33
15.21,8.23
16.87,7.01
17.16,9.18
17.84,13.53
16.56,9.24
16.82,7.63
18.41,8.25
21.71,6.88
23.28,10.01
18.85,8.01
21.79,6.67
23.54,8.31
24.80,8.20
25.36,8.18
22.80,7.76
21.18,11.67
17.32,12.92
17.21,11.20
16.41,6.96
15.15,6.71
13.07,3.11
11.60,-0.10
15.12,10.69
14.29,7.95
14.16,4.14
14.63,1.39
10.75,-0.69
11.80,0.51
14.04,2.22
12.58,1.47
10.86,6.73
11.22,5.35
10.03,3.84
11.00,3.73
11.00,2.06
11.36,1.17
9.68,3.97
10.61,6.61
13.03,4.17
13.83,3.15
12.83,8.12
14.81,8.93
13.61,9.55
15.19,11.00
11.86,8.02
11.85,7.19
12.68,7.62
11.74,6.87
10.91,6.18
9.76,3.35
9.39,8.28
9.68,4.86
7.39,2.52
6.12,2.71
2.84,0.60
4.81,-2.66
5.94,-4.13
4.54,-2.42
4.27,1.82
3.12,0.79
1.70,-1.37
7.77,1.53
7.40,3.83
4.64,-0.29
5.48,-1.04
3.48,-0.16
6.28,-0.49
9.00,6.00
8.60,5.86
10.06,5.09
11.26,7.12
8.27,3.45
6.56,1.93
8.48,3.62
9.74,3.84
7.16,3.37
7.58,2.95
6.85,2.92
3.29,0.13
2.44,0.41
4.71,0.35
8.54,1.02
7.03,1.81
2.23,0.21
3.15,1.56
6.57,1.31
7.21,3.00
6.02,2.75
5.26,3.05
4.81,2.39
5.25,1.82
3.98,1.01
3.61,0.72
1.73,0.57
5.16,-1.08
7.10,0.05
8.92,6.99
7.61,2.42
9.88,4.04
11.19,9.29
10.98,7.39
7.40,5.85
6.56,2.36
6.18,1.69
4.06,-0.09
11.72,4.05
11.80,3.26
8.26,2.80
6.73,3.25
7.49,3.73
4.76,0.44
7.31,3.71
6.98,1.80
7.58,1.21
6.81,3.33
8.20,6.00
8.91,2.82
5.99,1.62
4.07,-1.06
3.78,-3.02
3.18,0.15
5.22,1.86
5.17,-1.26
5.96,2.49
4.94,0.31
6.19,0.71
6.06,1.61
2.30,-0.52
2.51,-2.31
0.53,-4.76
1.06,-3.20
-0.69,-2.32
-0.43,-3.20
-3.18,-5.70
-2.48,-7.20
-2.51,-8.01
-1.68,-8.11
-4.36,-12.02
-4.98,-13.79
-6.45,-18.80
-6.33,-19.90
-9.01,-19.08
-2.34,-19.37
-1.57,-3.19
-0.11,-4.95
-1.97,-7.69
-2.65,-6.82
-0.79,-7.02
0.39,-9.20
4.77,0.20
6.25,-1.00
3.95,-4.02
7.50,1.37
6.35,2.20
5.58,0.14
4.60,-1.00
5.89,0.44
7.51,4.32
10.18,4.98
9.42,4.91
7.58,3.34
8.01,-1.35
6.18,-0.73
8.31,5.89
9.06,5.90
7.92,4.23
6.38,1.10
8.96,0.77
6.77,3.41
7.34,1.60
7.32,-0.93
6.85,0.44
9.30,0.88
10.21,1.05
10.65,6.19
10.27,6.22
10.28,6.02
10.91,6.29
9.82,5.67
10.09,0.49
16.01,0.39
11.32,1.33
11.29,4.45
10.46,3.12
10.09,3.93
14.16,2.41
15.30,-0.18
17.65,1.07
11.63,0.52
17.95,2.64
11.79,1.12
18.08,4.37
17.52,4.57
10.15,6.69
10.49,6.10
8.48,0.48
7.71,-1.58
6.78,2.54
3.48,0.43
4.56,0.35
8.78,-3.07
9.22,-5.30
5.89,-1.25
7.88,-3.86
8.16,3.43
12.31,7.45
12.55,3.95
13.24,2.45
9.70,0.36
12.27,-0.48
10.32,1.15
10.06,-1.05
10.73,-0.64
12.45,5.57
17.67,4.82
16.17,3.25
14.64,4.10
12.38,2.00
13.44,2.12
13.55,4.24
14.78,2.79
16.02,9.63
17.46,8.89
13.14,8.21
15.28,6.83
21.32,3.94
18.17,7.47
18.94,6.37
20.47,6.25
14.48,7.60
13.26,4.71
11.09,4.94
7.88,0.88
19.60,0.30
19.24,12.57
19.34,12.08
19.39,7.71
11.31,5.69
13.17,3.90
16.22,4.60
12.23,5.28
10.96,3.48
13.20,3.26
17.88,4.69
21.69,9.87
24.57,8.45
24.82,10.63
26.47,13.46
24.04,12.84
22.86,10.12
23.39,8.03
23.87,7.64
22.55,8.73
25.05,7.30
18.49,9.50
15.17,6.06
14.58,5.77
14.64,6.08
13.82,4.20
13.43,2.64
14.30,5.04
15.54,3.84
15.11,3.51
21.48,10.88
22.00,11.48
16.56,9.74
16.17,7.01
21.26,4.56
17.83,9.37
16.95,7.08
16.50,5.21
20.26,3.26
20.80,11.20
19.28,10.11
23.34,8.94
20.02,9.07
20.22,12.91
21.36,11.46
20.68,12.11
19.53,11.34
13.84,11.19
16.86,11.27
15.24,11.15
15.26,10.56
22.00,13.87
26.44,15.23
24.90,13.82
21.03,10.14
20.46,8.89
23.00,10.58
23.06,12.30
21.07,15.04
24.01,15.96
23.63,13.14
26.36,12.97
18.50,14.58
20.83,14.04
20.09,12.51
18.58,10.93
18.10,9.93
19.42,10.62
18.27,10.08
18.87,10.35
19.08,12.08
18.95,12.52
17.95,11.37
17.66,11.05
17.48,10.37
19.91,8.21
24.55,12.20
27.98,11.86
30.13,11.91
26.73,14.36
29.20,12.02
22.18,10.65
16.84,10.10
18.80,9.26
19.41,9.51
24.25,12.10
25.18,13.93
23.97,12.10
21.39,11.30
22.39,13.43
21.80,14.60
19.74,13.90
20.07,12.25
19.02,10.54
18.94,11.44
21.33,9.52
21.80,8.98
22.17,10.66
22.48,12.16
22.42,10.17
21.15,12.09
25.61,11.46
28.76,15.18
32.79,16.16
27.51,17.25
22.60,15.12
21.08,13.87
21.36,11.10
17.99,9.58
22.04,13.14
19.83,11.67
19.50,10.15
20.78,12.28
23.68,10.58
20.42,12.39
18.95,9.21
17.86,8.86
21.07,9.25
21.04,10.65
22.42,10.69
19.36,10.53
18.40,7.27
16.84,13.25
20.59,11.25
24.14,12.01
25.03,14.45
19.06,9.52
15.44,7.61
17.61,7.38
13.86,10.41
17.23,11.21
19.84,11.24
19.39,12.37
16.51,8.48
13.09,6.91
14.89,5.37
15.51,9.42
13.79,4.85
16.27,5.00
12.87,8.59
16.68,9.52
13.96,9.56
14.55,9.02
15.53,9.78
14.59,9.52
15.53,8.47
15.85,7.48
16.27,11.57
16.04,10.53
11.31,8.16
13.46,7.82
12.78,7.35
13.14,4.45
14.37,6.01
12.22,4.87
12.29,5.39
13.40,5.02
11.30,4.88
13.23,6.37
10.79,6.27
11.02,3.69
12.82,6.42
12.84,6.29
18.42,11.47
20.96,11.68
19.67,11.32
14.61,10.30
13.09,11.79
12.88,10.80
12.01,8.76
10.14,3.15
5.88,-2.82
7.23,-4.37
8.53,-3.75
5.89,1.41
9.20,1.41
9.75,1.83
7.63,3.76
7.94,4.94
8.09,4.71
9.68,2.82
7.52,3.04
9.37,0.86
11.15,7.97
10.59,7.95
9.59,7.28
10.09,6.02
11.04,4.78
8.04,2.87
8.32,2.11
10.23,5.40
8.01,3.39
5.97,-1.52
2.60,-1.10
8.44,-0.21
7.76,-0.92
7.81,5.09
6.31,3.78
10.04,4.72
7.51,3.69
5.50,2.55
11.16,3.20
9.46,6.06
8.05,4.95
6.04,3.42
4.08,1.13
1.89,-2.49
3.44,0.18
2.37,-2.99
1.49,-4.39
3.81,-3.62
-0.62,-8.28
-2.18,-8.41
-2.27,-12.06
-3.13,-13.59
2.56,-3.31
1.68,-0.52
-0.41,-12.53
-4.06,-15.34
-1.34,-4.77
0.71,-6.17
5.49,0.70
5.51,2.93
5.05,2.98
4.05,2.86
3.12,1.88
1.90,0.88
1.06,-3.99
-1.84,-4.20
5.04,-1.92
11.40,3.38
10.44,5.14
7.50,4.65
7.79,-2.33
3.87,-4.91
9.86,3.70
9.73,3.55
9.32,6.19
8.35,3.06
7.05,3.41
9.17,5.41
9.23,5.43
7.99,5.38
7.90,5.38
7.06,4.74
7.29,6.39
7.68,4.24
5.08,-0.87
0.29,-4.22
-0.05,-4.27
-0.24,-4.76
-2.93,-6.29
-4.74,-11.48
-3.40,-8.31
-0.53,-3.77
-0.41,-3.41
-2.91,-8.52
-0.25,-9.13
-0.65,-3.25
-2.26,-5.67
-0.55,-7.61
-0.58,-4.79
-0.07,-6.55
-0.12,-8.58
2.87,-0.12
3.34,0.97
9.40,1.51
10.54,5.80
6.43,4.55
5.99,2.89
3.09,-1.97
3.59,-1.73
7.07,1.86
4.60,0.20
3.91,-0.54
0.97,-0.76
1.17,-1.55
-0.08,-4.34
-0.63,-6.28
0.35,-6.34
-0.07,-2.55
0.32,-3.37
1.31,-4.32
1.23,-3.11
1.83,0.18
3.08,0.30
3.26,0.45
2.07,-1.02
1.22,-1.10
0.65,-3.18
-0.50,-3.85
0.39,-3.83
1.48,-0.80
2.38,0.98
1.78,0.67
5.81,-2.23
4.18,-2.43
7.01,-2.54
3.66,-3.05
6.70,-2.39
6.57,-3.94
13.79,-0.50
12.52,-2.84
6.18,1.74
3.82,-0.02
2.58,-1.69
-0.57,-4.21
-2.38,-6.47
-0.71,-12.42
-0.88,-11.14
0.34,-6.54
1.65,-11.49
3.84,-4.69
2.59,-0.71
0.17,-2.60
0.02,-2.66
0.43,-3.25
0.19,-4.07
-0.09,-5.15
-2.67,-5.91
0.84,-4.73
0.86,-2.92
1.72,-3.38
2.81,-4.41
1.40,-1.86
1.72,-1.32
2.18,-1.02
4.43,-3.92
5.84,-5.15
6.15,-5.62
4.94,-4.35
5.96,-1.08
2.78,-2.39
9.08,-2.73
7.80,-2.12
6.71,-1.67
9.49,0.80
6.35,2.43
8.09,0.07
9.85,5.61
7.53,0.89
15.82,1.48
21.21,8.41
20.74,5.42
19.22,6.86
18.09,8.86
11.81,1.91
12.18,1.15
15.88,0.97
14.78,4.49
13.49,5.10
19.97,4.82
18.17,8.02
13.42,5.43
10.89,1.22
12.02,-1.23
11.19,3.04
13.34,0.90
15.34,-1.55
14.42,4.00
18.02,2.92
21.04,6.08
19.51,4.76
20.41,4.70
21.53,7.14
21.90,11.26
18.22,7.40
17.52,8.00
17.56,7.02
13.43,5.74
12.96,5.65
14.68,5.69
24.17,10.41
19.94,10.06
24.45,14.95
15.13,10.18
13.71,9.87
18.88,11.42
13.00,10.66
10.71,5.26
12.55,3.67
12.04,5.53
13.70,5.79
16.99,10.65
17.91,8.77
18.86,8.49
16.41,10.02
20.30,11.10
21.41,12.86
20.42,10.63
15.95,7.54
18.71,6.74
18.92,6.47
21.78,4.45
22.17,8.28
23.45,6.03
19.93,8.04
18.96,6.96
21.79,4.45
17.54,7.30
24.10,5.97
20.08,12.41
18.45,9.38
21.02,8.80
17.62,9.53
21.74,7.81
24.22,12.00
29.50,17.65
26.20,16.86
20.78,15.88
21.42,14.87
19.23,12.71
18.26,11.34
15.68,11.00
14.79,10.01
13.94,8.73
14.23,9.94
16.20,8.81
15.23,7.71
19.76,10.40
19.25,9.13
25.33,14.32
19.98,14.69
21.99,9.89
21.98,7.64
24.75,7.67
24.63,10.61
24.75,9.64
20.65,11.55
22.87,9.57
21.80,8.94
21.80,7.98
18.24,10.87
20.82,10.96
23.66,11.98
25.20,10.87
25.60,11.34
23.69,14.21
25.97,10.85
28.93,9.86
30.95,11.77
28.42,10.91
27.98,13.66
27.48,16.17
29.21,16.10
30.60,16.58
27.65,15.63
26.05,14.55
22.96,14.66
22.71,13.81
27.13,15.51
33.33,16.54
26.25,13.02
25.52,12.10
27.82,12.45
24.13,14.01
22.63,10.18
19.48,12.10
22.05,10.01
21.21,12.54
19.34,12.02
19.54,11.64
18.71,11.08
19.66,8.88
21.61,8.04
25.78,14.98
23.53,15.62
20.26,11.40
20.02,9.74
19.63,8.93
21.65,9.11
24.26,10.64
23.58,13.36
23.55,13.09
24.19,13.74
22.21,11.78
23.33,8.27
23.96,9.85
21.83,7.40
22.09,10.08
20.91,10.80
18.51,9.47
17.09,12.69
20.42,14.14
19.64,11.27
24.28,11.82
27.16,14.88
25.43,14.79
21.16,12.85
13.56,7.81
14.10,5.96
14.89,9.10
18.81,9.09
19.54,9.96
19.09,8.93
16.26,11.02
15.42,6.14
14.94,5.57
15.25,6.14
16.02,4.62
15.90,9.27
16.87,8.93
18.55,12.08
18.09,14.37
16.07,7.66
13.60,6.80
14.50,4.21
14.99,3.22
15.10,1.60
15.28,4.09
13.61,4.45
13.73,3.70
14.59,4.76
13.36,3.23
12.19,4.51
15.63,9.17
16.05,6.56
17.96,6.85
16.37,4.37
15.03,10.06
12.17,6.29
15.23,8.39
13.65,11.52
11.83,3.60
13.94,3.43
11.35,6.68
12.46,9.16
12.92,9.78
11.61,1.89
11.40,2.28
16.15,11.32
15.77,11.44
19.69,12.01
18.80,12.32
14.23,4.76
14.62,3.93
17.67,12.50
17.10,11.64
17.02,10.94
12.19,7.51
12.24,5.63
12.46,5.41
11.34,8.22
10.31,7.35
11.34,6.42
7.36,4.03
10.03,5.12
9.30,4.99
10.93,6.12
9.83,4.25
9.73,5.76
8.87,3.12
9.64,-1.19
7.30,5.42
10.10,3.22
7.53,3.88
7.01,5.01
9.02,5.67
11.12,3.60
6.87,4.71
5.95,2.37
4.14,-2.67
4.39,-4.70
5.47,2.44
6.65,-0.58
6.08,-3.23
3.95,-5.25
3.51,-4.95
8.68,1.76
8.81,5.63
6.58,3.97
5.91,3.02
9.56,0.66
3.04,-3.00
2.93,-1.35
6.65,1.95
5.58,-0.27
3.77,-0.53
2.04,-1.85
8.76,0.89
9.56,8.26
8.32,4.96
4.99,2.29
2.99,1.44
4.96,0.93
6.06,-0.18
8.19,4.23
10.63,6.46
9.58,2.44
7.88,3.31
8.13,2.19
5.25,1.08
7.34,4.40
8.68,4.71
10.38,3.07
12.65,7.52
10.60,0.82
4.57,-1.39
8.66,2.43
8.50,3.23
6.02,3.98
5.56,2.01
5.89,1.92
5.98,1.53
8.12,2.56
9.33,4.01
7.49,4.84
7.07,2.05
10.02,2.33
10.72,6.48
9.15,6.80
11.14,6.11
7.72,5.33
6.10,3.16
6.93,0.58
6.04,0.38
5.79,0.97
3.42,1.47
4.64,1.36
7.68,4.44
6.48,4.06
4.29,-0.13
-0.13,-0.97
-0.56,-2.03
-1.94,-4.50
-3.00,-5.84
-5.10,-9.40
-7.80,-11.02
-8.31,-12.57
3.94,-8.43
0.46,-2.09
-1.95,-6.42
-3.99,-6.40
-2.86,-6.40
4.14,-2.98
7.37,-0.59
4.39,-2.39
6.37,-0.22
4.63,-0.70
8.40,3.31
10.94,3.94
8.05,3.07
8.52,4.18
8.12,1.65
6.07,1.93
7.58,2.53
9.09,1.75
6.57,1.07
12.85,4.49
8.01,2.81
7.90,0.06
8.43,0.20
7.28,3.35
10.74,5.05
9.67,2.53
6.66,2.29
10.24,2.30
11.86,2.26
13.65,2.86
11.35,1.31
11.38,-1.00
6.69,0.30
7.64,-2.44
7.62,2.02
11.21,2.32
9.94,0.32
10.45,2.69
11.80,2.64
13.48,4.18
12.49,-0.40
19.14,3.17
18.95,2.93
12.50,-0.39
14.39,-2.45
16.05,-1.91
11.04,3.88
10.45,6.47
10.00,7.47
10.15,7.69
11.43,6.20
10.24,6.41
19.24,5.60
13.70,2.42
11.50,1.99
10.78,1.31
10.49,-0.03
10.43,-1.88
11.08,2.09
8.37,1.65
6.87,2.79
14.10,2.26
18.46,0.64
14.02,2.90
8.63,3.72
18.02,4.27
12.47,3.43
7.57,4.35
10.55,5.41
14.06,7.52
18.25,12.11
15.56,6.28
11.11,5.86
11.26,3.35
14.03,3.21
13.14,0.18
12.53,6.91
10.19,4.51
12.39,0.64
13.97,-1.31
16.70,3.71
11.23,4.49
15.08,3.29
19.03,7.34
18.04,8.38
20.18,7.71
14.57,8.29
11.46,7.03
20.54,6.78
21.04,6.58
20.13,9.09
19.27,6.25
20.77,3.85
21.12,6.59
13.28,5.62
11.16,0.53
14.25,-1.51
11.89,4.19
13.36,4.17
18.98,8.16
15.97,9.40
12.10,8.91
15.10,8.21
14.61,8.69
12.96,8.93
14.20,8.24
13.55,6.05
12.91,6.39
16.83,6.09
17.98,4.81
20.25,6.18
20.26,6.60
17.56,10.18
25.06,8.48
28.06,13.68
28.43,16.70
19.63,10.63
21.60,9.16
21.61,11.76
22.03,9.94
18.49,10.03
11.01,5.05
14.21,4.16
18.68,3.06
17.05,9.28
15.07,7.21
20.70,4.20
22.43,6.83
23.86,10.48
17.68,10.85
20.60,9.33
24.46,7.53
26.40,13.82
24.63,14.48
28.69,16.90
22.36,11.86
20.93,10.21
19.12,11.48
21.06,10.10
22.18,7.56
19.86,9.65
22.47,9.15
20.96,8.83
17.50,12.51
17.67,11.21
17.19,10.91
17.42,10.48
17.86,10.52
17.00,11.08
20.88,8.41
20.77,6.89
22.73,8.23
21.82,12.12
19.84,11.00
20.09,9.08
17.27,9.42
18.82,8.49
22.41,8.85
28.12,12.71
28.49,16.31
27.91,16.15
22.39,14.07
22.70,13.43
27.93,18.09
27.18,17.60
24.40,14.94
22.96,11.86
21.52,14.40
21.04,14.00
22.87,13.92
22.21,11.55
25.77,9.10
28.62,13.68
31.26,17.89
28.33,17.00
26.59,17.71
27.40,16.77
27.17,14.81
27.29,14.64
28.46,17.42
24.83,16.23
28.09,14.63
28.07,14.84
28.47,15.74
24.77,14.87
23.71,13.62
28.30,14.87
28.80,16.43
27.44,15.95
24.31,14.37
24.74,11.73
26.02,8.67
22.42,12.88
25.98,10.76
22.47,12.83
25.06,12.64
21.25,12.89
19.39,11.91
22.39,10.41
21.34,11.54
19.58,12.17
17.97,10.49
16.94,11.79
17.22,11.87
17.38,10.51
16.52,9.56
17.33,8.07
18.97,10.81
17.08,8.75
16.65,9.07
15.80,5.82
19.16,3.93
21.39,5.43
22.97,6.22
21.06,13.24
19.00,12.73
19.71,11.98
20.58,11.89
20.61,10.89
20.69,8.60
22.27,10.19
25.68,12.68
26.10,14.78
21.46,11.04
19.52,10.44
18.15,10.88
20.91,11.58
19.91,9.48
20.31,9.29
19.72,11.23
19.07,14.96
23.09,15.88
22.72,14.56
22.30,13.71
23.20,13.57
23.33,12.26
22.92,9.73
18.88,11.45
14.41,8.28
16.59,2.93
16.60,10.40
16.38,10.14
17.23,11.61
17.57,7.29
18.80,6.96
21.19,8.09
18.44,13.31
19.46,12.97
19.54,14.46
22.12,13.91
20.38,10.79
17.46,8.76
17.45,9.88
14.57,9.63
15.99,7.90
18.43,12.48
17.56,9.08
18.35,6.41
16.29,8.90
13.31,10.18
17.06,11.47
15.44,11.25
14.83,11.49
16.12,10.06
16.88,11.81
21.50,14.02
15.96,11.10
12.64,9.32
14.19,9.16
13.51,7.17
13.98,10.90
13.14,8.56
13.56,8.15
15.36,9.94
15.23,4.94
8.89,2.31
11.15,-0.27
14.31,9.40
18.58,9.57
16.34,9.89
15.27,11.02
14.61,8.73
9.88,8.21
9.92,2.91
9.00,3.11
12.17,5.12
11.69,4.37
9.82,5.39
8.60,3.50
10.29,8.26
10.98,9.21
11.49,9.10
10.10,9.08
10.10,6.70
11.44,6.34
9.41,7.30
8.32,6.75
8.93,0.88
4.95,1.51
6.11,0.96
9.43,4.39
10.26,4.31
5.19,-1.41
5.74,-1.03
4.12,1.14
2.34,0.22
0.90,-1.00
-0.29,-1.60
-1.18,-4.07
-2.70,-4.28
-0.47,-2.84
2.85,-1.32
2.74,1.30
7.30,-1.01
5.24,-0.03
4.53,0.95
3.22,1.89
6.59,2.76
5.41,0.88
8.52,2.68
4.94,0.41
4.01,0.10
5.48,1.25
6.00,1.81
7.48,1.23
11.66,7.08
11.37,3.88
6.51,1.13
8.39,4.22
11.00,8.08
10.08,9.08
9.59,4.26
6.00,-0.90
-0.36,-3.52
-0.67,-3.04
1.20,-4.75
2.22,-0.50
5.08,1.87
7.68,3.87
5.52,2.92
8.99,3.63
6.07,2.12
5.83,2.06
5.57,3.09
4.03,1.58
6.64,1.58
6.89,2.72
8.52,5.06
12.28,3.02
6.16,2.74
8.58,5.77
9.21,4.11
5.65,1.22
8.05,1.49
7.40,2.13
5.01,-0.19
2.19,-0.03
1.11,-0.88
0.44,-1.66
-0.13,-3.27
-0.49,-3.37
-1.36,-3.32
0.42,-5.30
3.06,-3.08
5.19,1.60
6.06,0.50
5.24,1.65
2.88,0.83
2.38,-2.56
0.07,-4.44
0.91,-5.27
3.31,-1.32
0.65,-2.34
0.52,-4.85
2.53,-2.88
-0.62,-5.82
5.68,-2.45
5.07,-0.40
6.88,4.95
7.89,1.55
4.15,1.41
2.87,-0.10
1.82,-0.61
7.26,-1.20
4.16,0.93
2.81,-1.00
2.94,-2.91
6.23,-0.22
7.40,-0.02
5.53,0.71
5.50,1.29
6.84,1.42
5.37,0.92
6.92,1.51
7.74,1.27
8.58,2.96
6.30,0.28
7.09,-0.49
8.72,2.55
6.52,1.31
6.46,0.21
6.87,0.13
8.04,0.45
8.60,4.41
12.17,4.62
16.25,4.30
11.04,3.53
11.35,2.71
11.43,0.19
9.45,-1.76
6.06,-2.50
6.37,2.72
6.70,3.89
12.32,4.68
13.74,5.46
14.80,3.77
14.36,-0.28
6.97,-2.84
6.07,1.95
6.21,-2.21
10.13,-0.98
9.28,-0.76
11.85,-0.51
8.33,4.20
9.25,3.80
10.35,4.01
9.73,4.46
7.45,3.70
8.31,0.50
7.70,1.24
7.36,-0.30
8.75,-0.14
10.62,-1.29
10.58,-2.21
10.34,-0.51
10.22,-1.72
14.78,3.29
15.02,2.37
18.57,1.00
19.68,3.33
14.07,4.52
10.68,1.63
13.88,1.47
17.79,6.19
11.43,2.25
13.30,2.11
13.63,-0.33
13.92,2.86
17.53,0.44
16.91,1.87
16.08,3.73
16.32,5.84
17.41,5.57
15.17,5.67
13.08,5.57
12.47,1.52
12.16,-1.41
13.98,1.23
13.72,3.64
12.77,2.00
13.07,0.19
17.92,-0.01
18.56,11.79
24.05,7.75
18.49,6.29
14.13,4.09
15.83,2.65
17.22,8.82
14.28,5.24
23.16,5.71
17.97,7.51
13.37,7.49
12.43,7.01
15.07,3.98
11.71,5.75
14.38,5.38
15.31,7.73
14.27,5.27
14.89,4.36
13.84,4.65
18.99,4.81
16.83,4.94
17.25,2.07
14.13,6.18
14.54,7.41
15.06,7.18
14.87,5.64
17.26,4.60
12.98,6.64
17.12,5.97
15.90,8.72
17.62,9.71
16.47,7.89
19.17,4.41
26.91,9.28
21.14,7.11
18.33,6.38
17.08,5.30
17.48,4.51
20.11,4.37
21.96,5.68
24.69,8.11
26.13,12.53
15.66,7.24
15.27,3.68
15.44,4.39
18.19,2.95
15.54,9.58
14.95,9.21
17.56,9.51
18.16,9.49
16.39,10.28
17.60,9.58
14.76,10.02
21.36,12.46
20.56,9.88
21.97,12.04
21.79,9.69
23.27,12.64
22.87,9.29
26.11,10.11
30.71,16.62
29.98,15.95
32.75,16.20
28.93,17.83
21.90,11.53
27.87,10.27
19.00,12.41
16.35,10.78
17.88,7.51
22.88,6.29
20.61,12.46
21.13,13.81
21.88,13.47
22.49,12.04
21.85,10.40
28.71,9.17
22.87,9.65
15.14,8.79
20.59,10.58
22.72,12.38
25.48,11.69
19.88,9.34
22.58,7.02
24.48,13.59
19.12,12.18
18.78,12.72
18.30,13.17
17.67,11.45
14.81,11.84
17.13,6.47
21.07,4.86
22.67,8.49
29.50,8.91
29.97,15.86
23.13,12.58
29.86,12.81
23.45,14.46
21.93,12.56
23.72,10.08
25.51,14.17
25.14,15.76
21.85,12.02
23.16,11.32
29.61,17.22
24.73,15.81
24.75,15.76
21.01,17.45
18.81,15.82
16.35,11.75
23.50,11.28
25.40,9.70
25.22,9.76
23.55,13.36
23.34,14.88
19.47,12.91
24.17,12.85
20.05,12.95
19.89,11.86
21.37,10.17
22.13,10.80
26.24,14.70
19.66,12.15
19.17,9.42
18.70,8.47
16.67,8.60
16.44,10.50
18.20,9.89
18.77,8.39
19.49,5.84
19.16,4.50
19.44,4.82
15.87,9.23
20.05,10.96
20.23,14.88
17.92,13.25
15.45,9.69
16.65,10.52
18.81,13.57
18.90,10.90
17.33,10.93
16.52,7.52
14.69,7.18
15.87,11.40
15.63,9.10
16.63,9.05
16.33,6.73
17.72,4.59
17.14,4.01
17.50,4.09
16.51,3.23
16.82,2.80
16.82,2.37
17.18,3.91
17.10,2.86
17.36,5.72
19.02,4.27
15.46,11.20
14.30,12.42
13.16,10.06
12.12,5.91
10.79,1.28
10.34,0.38
8.87,0.63
7.61,0.96
8.34,5.01
10.79,6.46
9.92,7.06
10.18,7.97
10.57,8.66
12.31,1.80
11.31,1.77
11.77,7.43
12.98,9.35
14.70,8.25
12.68,8.32
14.01,3.77
12.84,0.89
12.56,3.80
11.60,5.68
12.56,3.85
12.51,6.19
13.13,5.55
12.22,3.57
8.94,5.68
5.80,1.42
10.17,0.85
14.17,5.77
14.29,11.53
16.73,13.36
14.38,9.67
14.58,10.29
15.70,11.60
15.07,11.32
13.90,8.03
13.23,4.60
7.86,5.45
8.77,7.20
12.41,8.69
13.72,8.52
13.69,9.61
11.31,7.65
8.11,5.41
5.58,-0.42
3.77,-0.54
3.75,-1.49
3.86,0.79
5.79,1.80
7.48,0.23
5.73,1.05
7.44,2.61
10.11,4.23
6.96,2.81
7.91,3.51
10.70,7.41
9.92,7.55
9.51,6.63
9.16,7.19
11.69,6.93
9.98,4.62
11.70,7.69
9.88,4.60
7.45,4.35
6.86,3.73
7.68,3.40
10.10,-1.07
4.10,-1.40
5.70,3.25
10.56,3.29
12.43,10.47
12.04,10.70
12.80,9.40
12.52,10.28
11.04,8.31
12.53,7.08
12.73,4.89
12.20,4.57
10.03,5.51
13.70,10.04
11.87,3.95
5.72,-0.68
5.96,4.35
5.87,0.81
5.77,0.18
5.61,1.04
3.89,-5.50
-5.11,-6.95
-6.01,-8.70
-4.06,-7.57
-3.15,-7.47
-2.70,-6.68
3.54,-2.71
3.86,-1.39
3.49,0.18
2.87,0.42
5.41,2.05
3.80,0.49
2.82,-0.58
2.55,0.44
0.92,-1.25
-0.53,-8.52
-1.76,-8.01
-0.36,-6.74
-0.36,-5.99
-4.86,-7.12
-2.48,-7.79
5.39,-3.14
7.10,2.85
10.07,6.97
10.10,6.08
11.09,8.19
10.18,3.44
9.23,3.47
9.23,1.89
4.91,1.36
10.83,3.45
9.88,5.65
6.75,1.92
4.98,-0.39
7.89,0.24
9.71,6.60
11.72,5.85
10.54,5.10
7.77,0.32
5.29,0.54
5.13,2.04
5.56,0.63
2.81,-0.46
3.46,0.56
1.90,-2.28
3.12,-4.99
2.91,-4.25
2.35,-1.19
4.63,-0.27
6.97,0.40
10.57,5.28
8.04,3.68
7.95,1.84
5.71,-0.14
3.74,0.24
3.92,-1.65
4.63,-2.40
5.65,-4.18
3.15,-3.98
2.86,-2.54
6.78,-0.93
6.21,0.39
5.02,-1.18
4.10,1.80
6.96,1.70
6.89,-1.09
6.28,-2.19
8.78,-0.39
6.06,-0.93
5.75,0.91
5.98,-0.55
4.41,-2.58
7.48,-2.33
8.32,0.13
8.73,-1.62
11.88,-3.47
7.20,2.81
8.21,0.89
9.70,5.09
9.18,5.06
9.93,3.42
11.48,-0.33
10.51,-3.10
8.47,3.32
14.26,2.75
10.64,6.22
13.91,5.51
11.08,2.17
9.66,3.24
10.60,2.05
11.90,-1.25
15.45,3.43
19.65,6.11
21.19,7.53
13.06,7.20
13.74,5.68
11.31,4.34
11.41,2.86
13.78,0.52
14.36,5.02
13.02,3.01
12.83,4.27
13.97,3.76
13.40,5.72
11.77,4.46
14.50,4.56
11.22,3.17
11.21,2.54
11.02,5.81
11.90,1.96
13.87,-1.23
11.67,1.95
11.90,-0.05
7.61,-1.02
6.02,-1.71
6.40,0.23
6.76,1.80
10.38,2.73
11.98,1.36
9.32,1.93
14.39,1.28
20.11,1.34
13.79,3.97
15.73,2.06
17.50,0.64
22.88,7.41
24.63,11.92
23.80,12.22
23.77,10.68
23.32,10.92
23.86,10.97
20.73,8.64
22.21,6.59
13.41,5.06
12.41,4.11
12.87,3.20
12.72,3.99
18.70,4.23
22.75,8.33
17.18,11.58
22.21,10.95
27.90,13.23
20.92,13.14
15.80,10.45
16.53,11.21
15.30,13.04
17.43,10.95
20.85,8.81
19.93,12.07
25.66,14.19
24.44,14.12
24.38,15.25
23.91,15.17
25.54,14.47
26.84,12.11
29.13,11.80
25.71,11.47
26.96,11.02
19.10,11.21
22.29,8.91
19.46,8.07
19.90,5.75
13.92,10.42
17.46,11.72
18.70,13.01
20.58,11.04
20.87,10.14
19.46,11.37
18.75,11.00
17.08,8.33
21.79,7.95
20.73,13.06
23.56,13.18
30.28,15.09
25.78,17.76
19.63,13.48
20.30,11.34
20.80,10.55
19.95,12.12
20.16,12.80
19.51,13.17
20.37,15.70
18.03,9.26
18.20,9.07
20.01,9.99
20.51,10.09
17.90,10.67
19.39,9.50
20.15,13.51
21.05,13.73
26.13,15.45
21.06,15.83
20.81,11.03
18.77,10.01
18.27,9.01
16.97,9.96
18.38,9.62
20.73,11.62
20.62,14.22
24.56,14.81
27.69,12.78
29.30,17.35
27.81,15.80
26.96,16.21
28.57,17.17
26.42,16.85
23.07,14.88
22.63,15.01
23.11,14.08
22.92,15.72
21.95,12.16
19.75,12.55
19.79,11.27
21.81,10.48
20.50,12.84
21.67,14.42
21.61,13.15
20.46,12.39
23.12,11.91
19.72,11.81
17.20,9.73
15.76,8.12
13.73,8.24
18.71,13.41
19.15,13.64
20.06,10.32
20.17,8.69
21.60,7.42
21.92,6.16
20.14,9.68
22.44,7.17
22.14,12.74
21.23,11.93
20.48,14.52
23.41,14.05
27.79,12.62
30.21,18.17
29.37,15.48
23.93,13.47
26.01,15.97
20.13,11.08
20.87,9.82
24.87,9.32
22.52,10.61
20.22,10.84
21.55,14.58
20.74,14.03
20.88,9.65
22.70,7.43
25.00,11.41
27.11,11.45
23.58,11.15
25.46,9.54
22.60,14.28
27.77,14.66
30.48,17.87
28.13,16.83
25.46,14.67
23.34,13.15
21.01,13.82
17.65,11.79
19.02,7.26
19.62,11.96
20.22,10.72
20.44,7.71
20.72,8.28
20.05,6.97
22.92,10.36
21.01,10.69
21.46,7.85
20.19,13.27
18.49,12.64
16.93,8.42
17.28,7.62
17.53,7.11
15.87,5.47
14.83,7.77
13.35,4.06
11.57,8.01
11.95,5.41
13.02,4.67
9.44,4.62
12.00,3.68
10.72,8.93
10.90,7.26
10.61,6.19
9.82,6.01
9.29,6.71
12.10,8.92
10.59,8.96
14.31,8.40
9.14,4.43
10.31,6.93
10.68,6.83
9.10,5.58
9.41,5.02
9.43,1.10
11.08,0.04
9.06,-0.25
14.00,8.23
14.89,7.40
12.62,6.16
12.54,6.47
13.83,8.16
11.24,5.10
9.00,0.60
7.04,-2.91
8.87,4.92
6.70,2.70
6.34,3.19
4.38,0.76
0.87,-2.78
0.87,-5.67
2.91,0.25
5.93,-3.13
0.61,-4.83
2.02,-2.87
2.86,-4.23
10.31,2.10
11.09,3.68
9.43,3.97
7.72,3.49
7.34,1.86
12.21,1.50
13.78,7.06
13.32,6.96
11.55,3.76
6.98,-1.66
3.53,-2.14
7.99,-0.30
6.85,-0.56
3.80,-5.60
2.37,-6.41
7.58,0.25
9.17,6.84
6.97,-3.97
0.92,-5.37
2.40,-2.27
2.62,-3.92
4.99,1.70
6.61,1.14
8.23,5.96
10.35,6.50
10.41,8.08
9.08,6.00
8.27,2.31
6.81,4.10
6.57,1.67
1.69,-0.03
0.84,-1.42
6.44,-0.04
8.41,4.72
6.24,2.59
3.23,-0.14
5.34,-0.94
5.45,3.41
7.20,4.66
7.01,4.39
11.20,4.78
11.12,4.37
8.63,6.76
7.85,5.12
5.22,-0.90
1.92,-1.51
4.30,-0.01
5.10,2.77
3.51,-0.83
7.78,1.32
5.43,-1.78
-0.68,-8.93
-3.93,-11.10
0.63,-4.87
2.24,0.17
1.99,0.34
2.93,1.09
6.39,2.51
4.91,1.22
3.50,0.30
3.02,-0.01
1.97,-4.30
1.25,-5.49
1.02,-6.59
-0.64,-2.78
1.08,-2.57
1.97,0.05
4.62,1.32
2.24,-1.02
0.91,-1.50
1.19,-0.98
-0.78,-2.67
2.69,-2.52
3.05,-2.68
3.77,-3.66
4.80,-3.26
3.19,0.44
2.66,1.08
1.43,-0.20
2.93,0.27
2.95,0.47
6.41,2.90
4.60,0.79
3.50,-0.52
0.92,-1.62
-1.61,-4.49
-1.56,-4.92
-1.59,-4.86
-0.78,-3.21
0.40,-3.45
1.51,-4.74
3.39,-5.95
8.67,-5.70
6.11,-0.26
6.71,3.77
4.79,2.51
5.82,3.19
9.31,5.01
8.71,3.30
9.11,4.94
8.24,3.22
6.68,0.66
5.13,-0.81
8.55,5.12
11.66,8.42
8.76,1.75
6.95,1.80
7.63,2.70
9.90,1.90
12.18,3.81
9.39,3.79
4.78,2.08
2.40,0.26
7.98,0.34
9.20,4.10
10.08,1.86
10.46,2.05
8.33,0.50
8.34,0.17
12.24,3.82
11.04,3.81
14.84,2.98
8.74,4.97
7.83,0.86
8.65,-1.18
11.38,6.82
10.36,2.03
11.97,0.23
9.54,-0.12
13.09,-2.24
11.64,-0.16
12.99,1.44
16.87,-0.72
19.09,0.17
11.57,4.50
18.90,8.74
22.72,9.61
18.19,7.56
15.67,7.42
13.84,3.77
14.56,0.74
11.96,0.94
11.42,2.91
10.84,7.16
12.48,4.35
18.56,2.40
11.37,4.76
11.15,4.08
9.08,6.25
10.17,4.99
11.33,4.50
10.22,2.91
10.28,2.63
9.82,0.15
7.17,-2.29
8.42,-3.21
9.70,-3.16
13.58,4.74
9.16,3.86
9.01,2.14
10.53,2.70
8.41,0.33
9.47,-0.37
9.58,-1.28
11.53,1.34
9.65,0.67
13.77,1.49
14.88,5.27
12.65,6.60
13.98,7.18
11.57,6.91
8.58,6.37
14.34,4.83
19.87,2.78
11.91,0.23
12.44,-0.64
10.71,3.81
16.22,2.21
17.48,9.08
19.74,8.92
20.50,7.29
19.61,11.35
15.82,11.51
26.36,14.44
25.41,13.49
22.76,11.20
17.79,8.05
19.65,6.38
22.59,6.59
24.26,10.58
17.45,9.79
20.25,9.35
24.52,11.80
26.46,9.83
25.15,13.02
22.40,13.57
23.90,13.97
17.87,8.10
18.85,6.70
23.73,3.45
19.93,13.34
18.95,10.42
20.95,8.94
23.89,11.44
14.36,10.66
15.70,11.47
23.14,11.06
21.13,9.87
26.51,14.12
17.76,13.57
17.08,10.66
20.90,10.65
24.86,9.11
18.30,12.24
20.94,11.71
25.38,13.34
28.36,12.78
22.66,9.61
20.87,7.36
24.41,9.63
19.46,14.93
18.44,12.86
18.54,11.97
18.50,8.98
19.90,6.44
23.14,12.75
23.00,15.32
15.71,13.63
19.99,13.49
19.13,10.61
21.06,9.94
17.98,10.33
20.29,9.69
22.96,7.79
24.08,14.64
21.71,9.61
21.97,7.35
18.63,11.23
21.82,12.12
16.48,11.57
18.44,8.60
20.99,7.55
20.69,11.22
18.56,11.00
20.10,8.84
21.36,8.82
24.98,9.43
22.90,16.51
21.43,13.17
20.33,12.85
20.46,12.63
21.21,11.30
17.77,13.70
23.69,12.52
21.68,12.64
20.31,11.19
20.07,13.57
25.95,13.83
23.70,13.26
23.17,12.75
23.08,12.15
24.71,16.29
20.59,14.43
21.11,13.08
19.67,9.97
23.32,8.63
23.92,10.03
21.42,11.22
22.20,10.07
17.00,12.21
16.84,13.70
19.54,8.48
21.58,5.95
26.46,14.86
22.15,12.02
23.30,10.66
19.91,15.12
19.14,11.54
17.52,10.77
17.99,10.33
18.63,8.18
21.57,6.93
21.94,12.55
21.15,9.79
22.86,7.85
21.23,10.44
22.23,7.85
25.83,11.71
23.63,15.43
19.30,9.56
19.21,9.04
20.03,7.20
19.98,5.04
20.23,4.83
22.73,5.44
19.46,11.76
18.79,10.95
15.61,12.55
15.93,9.32
18.87,8.57
18.60,12.27
17.47,10.60
15.32,9.81
15.08,10.35
16.55,9.13
13.07,7.21
17.35,6.54
16.58,6.42
16.46,5.00
15.29,10.83
19.30,10.77
18.42,8.30
18.12,9.06
17.13,11.10
18.84,12.77
17.44,10.98
18.55,11.76
15.59,11.54
20.94,13.78
16.26,12.24
17.12,11.20
17.13,11.20
16.26,10.45
12.44,10.21
13.65,7.92
15.31,9.00
12.62,9.52
13.80,2.70
13.59,1.32
15.22,9.41
15.15,13.00
14.76,10.70
16.04,7.92
16.21,14.82
20.86,11.48
19.91,12.15
15.89,10.32
15.82,8.12
17.30,11.15
14.72,11.39
12.87,10.71
12.12,8.06
12.09,9.05
15.51,9.75
15.61,10.49
13.74,10.21
13.46,9.03
12.32,9.76
11.70,5.58
9.83,2.09
9.32,4.38
13.00,9.30
13.61,8.03
9.47,7.39
11.87,6.22
12.33,4.30
10.37,-0.19
7.58,-2.08
9.44,3.16
9.04,6.09
8.92,3.00
6.76,1.54
5.98,0.23
7.41,-0.64
7.71,-1.02
11.34,3.12
9.01,5.10
8.96,1.18
6.35,3.58
8.55,1.20
6.10,1.92
6.01,3.43
10.35,5.94
13.55,6.81
7.26,1.92
3.34,1.23
4.94,1.26
6.53,2.25
6.25,3.73
4.67,1.58
3.22,-0.43
3.97,-0.25
0.79,-1.89
6.35,0.44
7.75,3.77
8.95,7.11
8.39,6.33
7.73,4.56
5.85,0.33
3.73,0.23
1.24,-1.31
1.35,-1.21
1.34,-0.05
3.10,0.26
3.44,0.36
3.02,1.41
4.44,-0.98
2.00,-1.52
2.47,-0.98
6.51,2.21
6.71,5.06
7.39,5.58
6.97,2.94
8.51,3.41
9.22,7.35
8.91,6.15
7.03,3.62
4.83,2.67
4.73,1.17
3.39,0.69
6.72,1.04
11.14,4.08
8.07,2.73
5.92,2.63
7.66,3.90
6.60,4.41
6.94,3.72
5.43,0.47
1.84,-4.44
1.04,-5.46
3.20,-1.23
4.51,-0.12
3.58,-0.58
2.27,0.81
1.11,-0.69
0.52,-2.32
3.50,-2.32
5.02,0.53
2.31,0.60
2.23,0.09
1.73,-0.13
1.90,-0.57
0.23,-2.42
0.63,-0.81
7.59,0.52
13.02,6.92
8.22,5.27
6.07,3.65
6.03,3.61
9.24,5.21
10.01,4.54
6.48,2.06
8.41,1.27
4.38,0.74
3.90,0.71
0.80,-1.57
1.19,-2.10
0.95,-2.32
-0.23,-7.34
0.37,-9.03
1.05,-8.09
1.21,-5.85
2.72,-6.95
4.30,0.20
3.46,-0.58
3.92,-2.51
4.56,-3.83
2.34,-0.33
5.16,-0.29
4.48,0.32
5.64,-2.23
5.76,-0.97
4.04,-2.86
3.74,-4.30
1.72,-2.41
0.91,-4.09
1.18,-4.82
-2.37,-6.43
-0.79,-7.86
-2.67,-9.26
-6.67,-11.84
-3.69,-9.68
-4.30,-10.84
-2.58,-10.34
0.90,-7.97
10.11,-0.64
7.19,-0.74
2.48,-0.53
7.62,-0.06
6.91,-0.43
5.93,0.06
15.31,4.51
10.35,3.08
8.26,2.92
4.91,1.58
3.48,0.59
1.10,-2.98
-0.99,-4.06
0.28,-4.55
4.69,-7.27
5.90,-3.87
5.66,-5.24
6.03,0.54
7.03,1.11
9.19,3.59
7.97,3.97
5.82,-0.25
9.00,1.07
3.93,0.12
2.29,-1.05
6.22,-3.07
3.93,0.30
6.46,-0.41
8.21,-1.46
14.66,4.58
16.13,7.64
11.29,2.67
12.41,1.63
18.50,5.03
23.68,4.56
20.84,8.35
14.41,4.97
6.37,4.15
13.69,3.77
15.18,6.71
8.34,6.58
10.96,6.54
18.21,6.05
17.81,3.24
22.21,6.22
25.72,8.37
26.83,8.82
18.24,4.76
20.32,1.35
16.09,6.97
13.84,7.72
12.77,6.11
12.69,4.96
15.68,4.54
17.56,6.15
16.80,6.81
15.67,9.57
11.41,2.46
16.96,0.87
14.88,2.53
16.67,0.25
18.50,2.22
22.30,4.73
23.59,9.40
25.25,10.78
26.79,12.00
26.28,11.37
18.79,10.50
20.50,11.40
24.10,12.11
24.73,11.43
23.60,8.18
24.66,9.69
15.43,9.28
13.25,8.98
18.44,8.21
21.16,6.68
22.43,7.99
23.39,10.06
23.25,8.32
23.41,9.50
24.44,11.18
25.20,8.63
21.36,12.53
26.95,15.14
29.83,17.24
29.51,15.87
29.14,15.13
27.80,14.14
22.45,14.85
21.82,13.69
19.75,12.65
24.47,12.50
24.61,11.52
27.03,11.95
28.77,11.10
26.01,14.15
21.07,13.86
20.36,12.71
17.19,12.29
17.79,8.46
22.52,10.15
22.06,9.83
24.41,13.17
21.31,12.42
19.80,12.39
21.84,10.20
25.79,10.06
16.61,8.38
17.92,8.72
15.25,10.33
16.26,11.48
19.65,10.48
23.21,11.59
24.56,10.61
26.47,9.81
25.72,12.39
24.18,9.37
22.58,8.51
25.36,6.70
25.30,8.86
24.50,6.60
20.45,10.95
22.03,12.05
21.86,11.64
25.89,11.11
19.79,10.08
20.59,10.54
20.63,14.58
27.91,13.15
25.65,12.13
19.83,9.63
26.15,7.34
27.71,9.89
30.99,10.86
25.72,12.62
24.97,10.62
27.09,8.00
28.44,11.61
29.12,13.72
27.15,12.09
32.55,13.35
33.41,16.55
33.13,16.41
30.95,17.99
32.59,17.07
27.72,13.55
31.90,18.50
32.67,19.46
27.94,16.06
30.69,14.16
32.01,14.74
29.51,15.89
22.95,13.03
28.92,10.91
34.53,12.92
31.57,16.98
27.99,14.07
20.84,11.55
18.80,11.86
20.66,11.82
25.12,15.60
23.70,16.30
23.59,14.64
27.08,15.14
20.96,10.91
23.29,10.07
23.68,14.14
21.26,11.66
22.90,10.76
28.02,12.97
25.09,13.37
19.29,9.92
14.83,8.32
18.70,9.21
19.06,12.23
19.07,12.53
24.96,11.84
17.46,11.28
20.30,8.35
21.31,9.54
21.57,7.38
25.17,15.57
22.75,11.82
22.94,11.16
23.27,13.37
20.66,8.50
19.39,8.84
21.40,12.76
21.10,13.92
19.24,13.93
14.89,9.58
19.31,7.25
19.08,7.11
17.67,9.66
20.44,8.01
22.98,10.25
29.66,9.18
25.49,13.25
23.43,15.53
23.05,8.96
14.57,9.04
13.05,7.35
12.79,4.71
14.79,1.80
16.09,7.56
19.37,14.06
15.55,4.37
14.30,2.86
16.21,5.03
13.10,5.45
12.45,5.69
13.75,8.69
15.21,9.31
20.23,8.74
19.39,5.33
13.44,3.41
15.31,2.87
17.70,6.96
20.65,3.80
21.73,11.23
23.53,10.63
25.74,13.16
22.82,10.92
23.59,7.62
20.64,10.10
22.67,10.43
15.21,3.29
13.55,0.59
15.36,4.79
15.29,6.83
12.98,6.14
12.68,9.12
12.67,8.16
12.34,8.55
11.91,5.93
7.42,-0.04
6.58,-1.24
7.57,3.24
10.31,4.81
11.23,4.85
12.23,6.96
12.09,3.95
10.16,0.58
9.12,0.79
11.00,7.78
10.47,4.44
14.18,5.61
12.64,0.19
10.63,-0.51
12.84,8.19
13.95,9.30
10.98,7.97
10.81,8.01
9.27,6.61
11.14,4.77
9.57,3.02
5.83,-2.24
6.99,-3.37
7.71,4.13
4.75,2.51
2.53,0.35
1.71,0.47
1.92,0.79
3.63,1.66
5.57,2.70
5.66,1.48
3.22,0.33
1.44,-1.28
5.48,0.84
8.39,4.89
8.15,4.41
11.00,6.21
11.72,6.87
7.27,1.73
4.22,-0.47
10.49,3.29
11.00,6.20
8.40,5.14
8.01,4.54
5.97,3.35
5.13,2.03
4.78,1.91
3.55,0.12
1.77,0.02
0.62,-1.57
0.12,-1.59
3.10,-0.92
6.18,2.39
4.92,1.62
6.17,3.72
9.50,5.87
6.60,3.50
7.28,3.31
5.01,-0.70
7.08,4.17
8.50,5.77
7.17,5.77
7.86,6.76
8.48,6.67
8.13,3.87
8.10,4.84
8.38,3.66
4.35,-1.97
2.28,-5.22
7.39,-1.10
8.69,2.89
6.57,2.55
8.06,5.39
7.57,3.25
3.67,1.65
2.00,-0.53
7.76,1.54
7.07,5.18
8.58,3.74
3.92,0.65
7.57,3.45
7.60,4.40
5.05,-1.39
2.41,-5.25
1.87,-3.66
0.79,-6.42
0.22,-6.34
0.48,-3.44
-3.41,-8.58
-3.69,-7.08
-2.29,-4.38
4.88,-2.21
5.39,1.52
3.05,-2.59
2.65,-3.42
2.06,-1.83
2.40,-1.94
0.11,-3.03
2.00,-2.69
3.95,-1.18
3.62,-2.12
4.85,-0.02
4.62,-0.37
8.28,3.77
8.31,5.23
8.58,5.14
7.69,0.58
7.40,2.31
7.37,2.34
7.81,5.50
9.98,0.15
13.16,-1.92
11.99,1.85
13.92,2.73
14.42,1.91
7.37,2.81
8.75,5.34
8.23,6.26
6.90,-0.14
6.62,-1.80
12.90,-2.01
13.10,-3.34
13.78,-1.58
15.48,-2.45
8.45,2.69
7.10,2.75
7.09,3.50
10.41,7.07
12.07,5.61
7.77,1.31
10.09,1.04
12.88,4.96
8.39,3.89
8.63,2.38
8.44,2.12
5.58,0.20
6.92,-0.22
6.46,3.66
6.77,5.05
9.48,4.92
9.99,4.48
10.09,3.73
7.99,2.08
9.23,0.43
9.20,0.34
10.86,7.23
14.10,7.15
12.01,3.11
9.85,2.22
9.38,1.31
9.37,2.43
8.88,5.74
11.66,7.11
14.22,2.59
17.31,0.27
10.19,-1.17
10.43,-2.77
14.75,2.02
11.77,6.57
12.78,4.00
14.85,3.83
19.94,4.20
19.75,3.61
11.68,3.15
9.14,-1.58
8.53,-3.81
6.05,0.47
6.56,-1.86
6.50,-1.74
7.90,1.00
10.88,2.53
12.40,1.59
15.46,3.59
17.76,4.24
20.46,2.41
17.40,1.84
20.70,-0.93
19.22,6.15
18.82,9.54
22.57,11.13
22.50,11.19
17.63,9.69
18.90,8.57
10.56,5.62
16.71,3.45
20.38,1.24
10.16,7.71
9.48,3.98
9.88,1.52
9.93,0.07
11.99,-1.94
10.54,1.82
12.09,0.83
14.79,2.11
17.79,8.26
11.69,1.95
14.40,-0.65
14.07,3.37
15.07,3.22
15.13,0.87
16.28,-0.09
14.21,7.98
17.46,9.08
22.25,10.83
22.81,10.57
20.70,11.67
18.24,11.50
14.45,5.60
19.82,4.73
20.34,6.67
14.14,8.21
15.99,8.28
16.05,9.68
15.62,5.51
15.28,2.99
16.32,8.67
21.95,12.85
21.94,10.44
28.82,8.93
24.33,13.61
20.87,12.43
27.11,17.96
23.71,10.32
20.48,8.99
18.12,12.04
20.95,10.79
20.15,13.68
21.86,13.79
21.72,12.61
22.90,11.69
26.64,10.83
20.73,14.19
22.52,11.68
24.89,10.50
27.80,14.95
29.33,14.33
20.59,14.62
20.14,9.44
20.75,7.34
23.43,9.73
25.50,13.62
31.74,15.05
28.18,13.61
17.82,12.72
22.69,9.97
27.64,7.64
32.22,12.34
22.29,13.19
18.10,8.53
17.97,8.21
19.18,8.24
18.25,13.10
17.83,13.40
16.56,11.19
16.60,10.22
18.04,10.51
20.98,10.36
19.61,12.85
20.85,14.23
22.43,14.19
16.32,12.75
16.43,12.71
20.01,13.08
19.65,10.67
25.23,8.67
22.97,12.51
28.37,12.28
22.06,12.21
20.82,11.14
28.88,13.75
32.37,14.76
33.69,19.30
29.46,16.81
26.68,17.70
27.75,18.10
28.96,17.90
24.04,15.44
24.09,14.02
24.53,12.89
23.28,12.79
24.23,12.55
20.95,12.09
24.54,12.21
24.52,13.09
23.50,12.27
21.41,12.83
22.18,12.12
23.51,16.57
23.02,15.18
22.63,13.67
17.83,9.87
20.04,9.10
18.25,12.42
20.49,14.96
20.47,14.15
18.60,13.02
21.33,11.41
21.26,11.11
20.04,9.77
25.05,9.76
24.04,10.49
26.75,11.35
27.74,12.64
30.42,16.01
30.02,16.21
31.19,18.08
23.79,14.50
23.98,11.96
29.76,10.38
21.98,10.70
19.17,10.58
19.62,11.86
19.83,12.84
17.05,8.55
17.27,8.85
18.62,7.90
19.73,5.85
18.53,9.00
17.66,11.97
19.45,8.77
19.60,13.15
18.63,7.69
18.23,5.83
16.89,9.45
16.14,8.51
14.68,7.98
15.26,8.22
16.03,4.72
16.31,6.33
20.38,8.47
23.22,6.43
21.76,11.16
20.01,12.84
16.19,11.08
17.32,11.44
18.25,12.55
18.13,12.66
15.16,12.74
15.83,10.69
11.34,6.85
12.89,4.27
13.54,5.18
10.02,5.69
12.27,4.26
10.64,1.47
12.19,-0.87
15.78,7.52
13.87,8.99
13.85,7.95
14.38,10.33
14.30,10.45
18.57,10.53
16.29,12.34
20.05,11.44
14.52,9.53
15.05,10.88
16.88,10.05
14.10,8.44
13.08,8.72
14.18,8.97
13.57,8.69
14.06,9.94
14.69,10.20
15.02,11.91
18.26,13.06
14.44,7.54
12.00,1.91
9.68,-0.62
9.20,-2.48
8.12,-3.51
5.33,-1.34
14.51,5.33
11.64,8.11
11.60,6.38
9.57,6.29
6.80,4.13
7.86,2.50
8.11,2.14
8.21,2.13
8.03,1.70
4.79,0.92
7.25,2.24
6.00,1.21
7.33,0.51
7.43,3.08
7.51,2.97
6.96,0.09
8.30,4.79
8.65,2.91
3.88,2.04
8.23,2.21
8.44,5.32
8.61,5.10
5.03,3.37
5.80,4.52
7.99,4.61
8.53,7.36
9.66,5.96
6.24,-2.45
5.70,-2.66
2.42,-0.79
6.31,0.45
7.50,0.46
6.60,1.99
4.73,-0.10
7.64,3.14
9.09,7.23
9.65,5.61
7.25,2.86
5.45,0.75
5.71,4.34
5.51,1.77
2.55,0.60
5.66,0.52
7.98,2.20
7.45,3.54
12.72,4.94
10.33,2.60
9.99,3.52
8.99,3.89
8.41,3.45
5.14,2.71
7.84,4.87
6.75,2.68
6.79,2.97
6.72,1.82
3.65,-1.92
0.95,-2.67
3.49,-2.36
7.14,3.28
7.86,-0.01
3.76,-1.97
3.43,-1.82
8.02,3.44
7.52,1.46
5.83,0.20
6.13,1.75
7.70,1.43
10.31,5.04
11.16,3.65
11.21,3.61
6.31,1.05
8.01,4.81
7.23,3.85
11.45,5.06
12.79,5.42
7.89,4.36
10.69,4.98
7.27,1.76
6.75,0.33
6.64,3.17
5.42,3.77
7.61,1.25
6.29,2.51
3.60,1.51
3.81,2.11
3.57,0.64
7.45,2.86
6.71,0.44
5.26,0.78
8.43,3.36
10.94,7.62
11.08,7.33
7.94,3.99
8.88,4.72
7.20,1.78
6.70,-2.18
7.52,3.81
6.59,3.64
8.01,1.10
12.56,4.70
8.72,2.34
5.29,0.74
5.69,1.45
4.47,0.28
6.03,2.31
10.69,4.50
16.13,7.12