20050101
8.34,2.65
8.32,2.95
7.49,0.89
9.16,6.99
7.31,4.93
7.69,5.05
12.12,6.54
12.14,7.22
8.84,4.64
14.49,7.36
11.20,8.44
10.11,6.86
6.92,2.72
6.14,1.97
5.06,-0.53
4.80,-2.80
6.97,0.44
6.05,2.55
4.22,1.03
8.65,2.27
6.42,1.30
5.68,0.72
4.10,-1.00
1.83,-1.36
0.78,-2.92
0.78,-2.00
-0.26,-2.25
0.16,-3.36
-0.57,-5.52
5.74,-1.05
6.54,3.14
5.74,0.59
5.78,1.15
6.48,2.52
6.97,2.64
5.64,-0.17
1.23,-4.32
0.85,-5.36
2.87,-6.67
4.20,-6.01
7.45,3.22
6.41,2.06
10.38,0.96
3.53,0.53
3.37,-0.41
1.55,-1.13
0.23,-1.06
1.17,-3.32
1.43,-3.59
3.30,-0.65
3.28,0.87
3.60,-0.23
0.39,-1.39
1.23,-1.34
1.68,-0.31
2.72,-0.33
0.96,-2.59
-1.70,-6.69
1.38,-7.29
-1.11,-4.35
-0.60,-2.63
0.32,-7.43
0.20,-10.76
0.04,-7.17
0.97,-8.24
3.73,-5.69
6.03,-0.51
4.52,-3.39
5.02,-5.27
4.94,1.44
4.41,0.30
5.34,-1.83
8.40,0.42
9.85,0.97
16.45,9.70
13.31,10.73
11.18,6.57
6.74,0.27
6.08,-2.94
9.23,-1.32
12.60,-0.37
14.90,6.56
18.39,3.65
11.19,7.06
13.38,7.61
10.73,6.23
12.01,4.55
10.13,4.60
13.15,3.42
12.28,-0.33
14.52,0.91
17.35,0.89
20.44,2.79
21.91,2.79
13.45,4.26
15.34,2.50
13.43,5.70
10.55,3.39
7.60,1.26
10.12,0.17
16.72,5.26
16.36,3.23
16.13,8.41
18.02,10.64
21.91,8.48
19.45,8.94
17.56,7.16
12.35,6.12
12.07,4.26
12.15,2.04
12.00,0.73
10.57,0.81
14.67,0.62
15.68,1.67
14.57,3.93
17.16,5.54
12.18,5.89
17.40,5.66
15.72,8.02
19.78,7.45
23.64,11.24
27.82,11.69
19.64,11.77
18.10,8.50
13.82,6.58
12.85,5.89
13.33,4.37
10.89,4.20
11.80,3.55
12.82,4.73
13.25,4.85
14.03,4.87
17.28,2.15
19.77,4.99
14.34,8.69
13.29,6.10
12.21,4.11
12.96,2.69
18.24,2.15
19.34,10.24
21.94,12.55
22.75,13.52
20.13,8.81
19.00,6.38
22.06,13.36
29.37,13.41
27.90,14.35
33.84,15.10
22.86,12.95
13.63,9.33
14.87,8.68
14.17,6.87
16.21,7.42
25.75,14.01
18.99,12.55
17.29,10.73
13.46,7.90
17.33,7.81
17.88,6.58
19.29,6.20
16.68,9.99
13.93,7.89
14.56,7.36
16.23,9.03
23.58,8.75
25.56,8.13
23.48,15.28
23.66,13.56
21.79,10.76
26.79,9.83
29.47,15.34
29.28,14.91
22.14,12.84
28.65,10.83
30.01,17.36
25.47,14.02
22.45,11.20
20.86,7.96
20.88,11.62
24.47,9.37
22.89,13.50
18.75,12.73
24.60,11.13
25.56,17.24
30.61,14.97
20.24,12.30
21.85,12.78
19.53,12.63
19.01,14.11
24.52,14.38
28.51,13.05
27.71,15.04
29.54,15.12
26.91,14.85
24.94,15.12
29.16,14.71
20.66,13.49
20.11,12.60
24.91,15.76
20.40,15.28
19.79,12.39
15.59,12.49
22.13,14.45
18.39,13.54
21.42,13.30
23.48,15.99
18.52,14.02
21.45,12.06
29.97,15.61
29.23,18.99
22.30,15.88
22.37,13.20
17.66,13.26
19.63,12.45
21.74,11.14
19.33,11.98
19.57,11.51
18.00,10.85
17.43,10.23
18.94,8.75
14.79,11.78
17.16,12.70
18.78,13.30
18.18,12.68
19.50,12.89
17.36,13.39
21.97,12.74
19.16,11.87
22.83,12.93
25.81,12.24
28.38,14.73
24.84,15.84
23.54,16.01
27.77,16.40
18.06,15.12
21.77,10.91
17.35,12.15
18.69,10.00
20.61,10.03
21.42,10.90
25.27,12.94
23.41,12.96
26.05,13.07
30.05,15.05
22.57,15.08
22.35,10.39
23.12,6.58
26.80,11.10
28.07,12.39
28.76,13.66
27.84,15.41
24.05,14.99
23.87,15.74
19.44,16.19
19.98,12.57
20.26,8.51
18.86,10.77
19.04,11.40
16.32,7.11
16.26,4.78
16.63,2.99
18.23,10.13
20.66,7.36
20.66,5.67
21.31,8.68
22.77,7.51
23.43,9.21
23.66,8.90
18.96,12.43
17.22,10.63
17.31,8.88
14.18,9.00
16.48,8.68
13.53,9.70
16.50,6.39
17.10,4.43
16.71,3.62
18.92,8.89
20.44,7.96
19.78,9.83
19.54,9.29
17.13,9.90
20.17,10.21
18.48,8.20
18.70,7.47
17.74,5.71
17.85,4.07
16.18,5.04
13.85,0.94
13.54,2.95
13.36,4.23
12.60,3.38
16.11,4.33
14.69,4.77
14.94,11.77
12.47,6.59
13.06,6.25
14.65,12.32
15.86,11.47
20.24,9.99
18.67,11.05
19.15,8.66
20.36,8.05
16.83,7.99
14.81,8.16
13.52,6.20
18.50,12.17
15.85,11.68
12.63,7.55
14.47,6.16
10.16,7.71
13.38,6.70
13.25,4.58
11.61,5.37
12.55,9.40
11.90,7.57
10.23,3.23
9.25,1.63
8.76,4.28
4.83,-0.31
5.78,-2.30
0.95,-4.51
3.41,-4.21
8.24,3.20
5.71,-2.16
3.54,-2.87
4.69,2.89
4.55,1.55
1.87,-0.38
1.63,-1.00
0.58,-3.06
1.01,-1.69
2.38,-1.18
4.86,1.08
3.49,-1.64
0.86,-2.64
1.72,-1.02
5.78,-0.65
6.80,3.13
6.86,3.95
5.51,1.90
4.66,2.65
4.11,-1.97
2.81,-2.21
5.58,1.68
7.88,2.40
8.17,1.99
7.74,4.73
8.51,5.66
8.38,-0.12
1.38,-2.61
2.62,-1.97
4.46,0.52
6.92,1.13
6.22,-0.73
7.31,4.09
7.75,5.29
8.53,4.22
4.29,-1.89
0.61,-4.43
-0.07,-5.36
-0.59,-3.37
-0.61,-2.54
0.20,-4.53
3.67,-5.34
4.65,2.96
3.61,0.03
0.58,-3.67
0.71,-1.21
1.90,0.13
0.25,-1.66
-0.01,-1.48
-1.03,-4.77
-2.04,-7.05
4.11,-7.32
5.08,2.10
4.53,-0.54
1.16,-3.04
3.12,-3.81
-0.95,-6.01
0.77,-7.48
0.94,-4.86
0.78,-0.59
0.64,-1.46
7.06,0.34
4.73,-2.54
-2.41,-7.76
-5.82,-11.54
-2.72,-11.65
-0.01,-4.60
0.69,-0.93
0.24,-10.43
-1.54,-13.50
0.70,-11.93
4.12,-0.12
2.69,0.46
1.40,-0.04
0.79,-0.42
3.70,0.18
1.70,-3.68
0.15,-5.01
3.23,-4.78
6.18,3.22
6.18,2.74
3.88,0.30
3.72,0.81
2.48,-2.72
3.86,-3.67
5.21,-2.55
4.51,-4.50
5.43,1.50
5.63,2.24
7.70,3.05
7.98,3.74
6.14,1.05
4.42,1.39
2.58,1.24
1.41,-0.93
2.07,-3.43
4.09,-2.46
0.12,-2.08
3.63,-3.34
2.68,-4.83
2.00,-1.40
2.28,-0.72
1.94,-0.87
3.84,-1.78
3.59,-2.30
3.09,-5.81
4.21,-9.74
0.90,-2.08
4.79,-4.41
1.93,-1.02
0.07,-2.01
-1.92,-7.32
0.07,-10.52
0.07,-15.03
-0.36,-11.95
1.68,-8.84
2.49,0.21
3.19,-0.25
0.25,-1.66
3.24,-2.00
4.62,-0.99
5.12,-3.53
5.46,-3.78
6.84,-5.49
8.42,-1.74
4.31,1.59
15.75,2.86
18.41,9.81
14.15,7.91
8.40,3.97
13.18,3.35
11.58,6.98
13.86,5.92
12.48,4.57
10.33,2.72
8.37,2.12
7.12,0.36
10.41,0.10
12.46,4.25
12.17,3.64
9.69,3.16
9.96,3.72
8.32,2.05
9.82,3.75
11.03,4.99
11.32,5.32
13.90,4.02
13.81,7.48
13.86,3.88
12.93,3.55
15.99,2.99
13.24,8.47
17.55,7.65
9.89,7.37
13.02,5.58
15.56,2.98
23.11,5.74
15.21,10.64
17.32,9.95
14.24,5.31
9.82,3.84
11.76,3.32
16.97,2.03
18.44,8.94
24.63,8.26
24.33,12.02
23.79,11.96
23.37,9.50
23.31,9.23
23.10,8.88
22.33,8.70
24.39,7.00
24.48,7.76
24.55,8.68
22.12,8.59
15.89,6.07
17.05,4.18
20.50,10.96
17.84,10.79
19.86,11.13
15.47,10.85
15.76,9.70
16.50,9.97
19.94,12.31
14.75,7.28
16.02,6.25
11.67,6.55
15.19,5.96
17.37,10.04
14.27,10.28
15.63,8.67
12.48,7.99
16.28,8.96
14.44,7.15
19.18,5.56
15.45,9.43
14.24,8.46
16.82,8.78
19.71,8.37
20.61,6.27
22.46,7.23
24.05,9.39
25.70,9.77
27.80,13.17
29.86,12.42
32.35,14.91
27.24,14.98
24.55,13.81
18.81,13.64
18.90,12.18
25.41,10.54
30.36,14.67
25.89,14.28
20.20,16.11
19.37,12.40
19.75,11.00
24.73,13.09
30.15,14.41
24.84,18.03
19.29,13.75
18.44,11.12
21.71,9.72
22.86,9.52
27.00,11.99
28.80,15.49
30.07,15.64
31.22,15.56
33.65,16.71
29.93,19.44
28.13,18.37
24.91,16.81
27.66,15.05
24.99,16.85
28.51,14.38
25.48,11.87
28.37,13.62
23.56,12.99
25.47,11.17
27.53,11.89
29.44,12.91
29.89,13.97
32.76,14.24
36.87,18.23
28.92,18.12
31.74,15.56
29.02,18.95
28.89,17.03
29.68,15.47
32.88,15.36
35.26,20.31
27.55,20.50
27.62,18.99
29.50,16.13
24.92,16.81
26.17,13.75
21.21,13.32
22.24,13.25
24.91,13.19
26.25,12.42
26.82,16.97
27.08,14.96
21.79,14.33
21.03,14.32
21.62,13.67
19.39,12.61
21.09,10.94
22.43,9.16
15.35,13.66
19.77,13.70
23.53,12.90
24.34,13.55
22.44,14.36
26.37,14.23
22.17,15.08
20.49,14.57
21.42,13.43
19.98,14.04
23.66,13.12
19.91,14.55
20.52,13.93
19.33,12.85
19.60,11.87
14.71,11.83
19.34,11.06
20.33,12.89
20.76,15.89
24.78,16.05
21.54,17.67
19.18,14.56
20.57,13.69
24.03,16.39
19.72,13.48
18.57,11.83
17.54,11.35
21.84,9.06
25.51,11.37
27.18,11.89
27.88,12.59
25.07,13.54
25.62,12.50
26.28,16.48
24.79,15.66
20.35,14.74
20.69,12.78
20.43,10.96
24.55,8.71
26.65,11.73
24.71,13.09
24.17,11.54
24.28,11.80
21.73,15.84
20.37,14.34
21.65,12.89
21.77,10.91
21.41,11.65
20.51,10.11
19.24,13.09
16.25,11.72
18.17,10.41
14.85,9.79
16.64,11.67
16.95,11.66
15.90,10.26
18.81,8.02
18.53,10.01
18.00,9.90
13.99,10.40
16.13,11.85
14.52,9.33
11.52,6.31
16.56,6.99
16.70,4.66
17.16,3.54
18.46,9.04
17.35,10.04
18.23,13.09
16.95,12.82
18.82,14.37
16.93,11.73
16.10,9.77
20.89,11.32
18.95,11.05
13.70,9.80
14.92,7.76
12.29,5.18
13.41,8.58
8.91,0.27
8.13,-1.66
6.39,-2.47
10.79,1.41
12.02,9.07
12.85,10.41
11.66,5.27
10.94,1.41
11.93,6.36
10.37,3.68
9.58,4.76
8.01,4.96
10.94,4.83
12.46,8.09
14.30,10.15
16.07,9.36
15.01,8.59
13.28,6.06
6.64,2.40
7.74,2.38
8.79,4.36
6.93,2.68
10.80,5.04
11.74,8.51
16.90,10.76
14.31,9.13
13.37,3.68
13.44,5.96
11.57,7.04
8.10,2.53
11.13,2.32
10.87,8.05
12.34,6.85
9.81,7.28
15.18,8.42
12.32,8.45
9.98,6.71
12.57,8.03
10.35,4.17
7.43,2.55
8.04,3.83
8.11,5.47
11.65,7.14
11.43,10.02
10.94,6.60
8.40,4.34
5.94,2.42
5.25,-0.09
5.55,-1.05
8.75,4.51
7.98,6.96
7.22,5.46
6.41,4.74
7.08,5.53
7.45,5.72
5.79,-0.01
1.89,0.54
3.91,0.03
6.23,2.88
9.48,3.53
10.30,7.36
10.79,5.38
6.30,3.76
7.41,4.24
9.29,7.20
8.91,7.27
9.09,4.68
8.21,1.24
8.96,6.07
13.57,7.80
13.37,6.28
9.32,4.42
12.40,6.24
12.67,9.82
10.67,4.55
7.90,3.55
8.40,3.42
11.36,7.20
12.33,5.92
8.81,5.46
11.83,6.40
7.10,2.62
4.05,-4.78
-0.19,-7.75
-0.07,-5.86
0.23,-6.97
3.42,-4.00
4.62,0.54
7.77,2.24
7.93,3.58
7.92,4.59
7.73,5.27
8.14,4.24
8.37,5.82
7.95,5.63
7.40,2.72
6.54,1.07
5.10,-0.24
3.85,-2.18
0.67,-3.68
0.69,-0.78
-0.65,-3.57
0.56,-4.16
5.54,0.54
6.55,4.16
8.88,4.46
6.12,2.31
6.16,2.49
8.41,2.20
8.33,-1.56
6.28,0.08
7.69,-0.19
8.25,4.05
8.96,5.78
5.89,0.47
8.19,0.30
9.86,5.55
7.40,3.44
6.69,1.97
10.48,3.69
10.31,4.84
8.53,3.44
6.59,0.34
10.03,1.08
11.55,5.05
12.30,5.46
11.75,6.84
9.07,2.95
10.17,3.46
10.66,2.68
15.45,5.70
18.52,3.23
15.95,1.06
12.91,3.10
12.93,2.49
11.26,5.51
11.13,5.11
9.54,1.25
6.10,0.78
9.82,0.39
5.45,1.58
6.66,2.99
11.61,3.01
14.42,5.79
16.09,5.63
16.71,3.43
16.98,4.81
17.62,4.34
16.60,5.57
15.19,4.93
16.76,4.25
17.86,2.48
18.02,3.15
10.12,2.06
11.89,-1.36
11.04,5.64
11.50,6.15
13.09,1.96
14.48,7.01
12.48,7.05
14.99,9.39
15.77,5.51
19.84,5.62
21.53,8.12
24.77,7.79
25.36,8.70
27.08,9.48
14.84,6.56
12.10,4.40
16.48,3.78
9.42,2.41
11.47,-0.11
20.52,2.00
23.13,4.35
18.72,11.65
25.54,10.92
26.06,11.43
26.62,8.76
24.09,9.18
16.03,4.78
19.49,0.66
18.32,3.33
20.33,3.33
21.14,4.38
21.99,6.47
22.89,4.29
22.42,5.60
13.54,9.29
14.85,8.39
15.69,8.25
18.13,8.38
14.37,7.86
15.14,7.68
20.93,10.36
20.39,11.07
15.74,7.24
16.25,7.10
13.79,5.72
20.00,4.24
20.84,9.00
20.98,7.18
27.52,14.60
22.11,13.11
19.64,9.51
24.29,7.95
22.96,13.58
16.69,11.05
24.02,12.68
18.53,12.98
14.64,10.24
18.37,7.55
21.96,7.13
21.64,10.67
19.35,10.63
19.77,13.10
19.42,13.46
19.88,14.33
24.19,15.32
28.03,14.33
30.49,16.43
30.23,17.57
29.47,16.59
29.93,14.73
25.00,15.62
23.26,15.48
24.38,14.08
22.05,13.62
20.34,13.30
20.77,11.95
19.51,11.27
24.20,13.52
27.11,15.29
18.28,12.98
22.30,12.46
20.01,11.92
22.13,14.69
24.21,11.77
16.47,10.92
15.65,9.86
17.99,9.33
18.50,8.94
19.96,11.74
24.23,12.84
22.92,14.33
19.89,12.33
19.76,11.18
20.57,12.30
19.84,13.01
18.56,12.94
21.84,11.55
18.05,10.89
20.28,9.39
15.54,11.14
17.52,12.87
22.63,13.35
30.19,15.13
29.48,14.29
34.09,17.97
25.29,15.08
25.84,14.17
23.86,12.36
25.25,15.49
24.24,15.55
20.76,12.81
21.59,12.34
19.96,13.62
22.14,13.12
25.14,13.66
21.89,14.64
20.66,13.05
16.04,10.79
15.64,9.77
18.33,11.42
22.20,11.46
18.30,13.18
20.94,10.67
25.61,9.25
28.19,13.07
28.60,15.44
27.66,15.22
23.23,16.96
27.37,16.22
22.44,16.68
17.67,15.34
23.45,13.22
23.55,13.21
24.36,12.79
27.12,17.30
21.38,12.88
20.02,11.54
20.49,10.40
24.17,13.52
24.03,13.53
20.00,12.92
21.07,14.66
24.94,14.35
24.56,14.34
23.22,15.82
21.79,13.33
17.63,12.17
17.78,6.89
18.10,6.82
16.05,9.79
16.49,12.30
18.63,12.17
19.63,12.92
17.16,8.82
16.52,8.25
18.31,6.38
19.05,11.85
20.09,13.73
18.43,13.39
18.76,11.87
16.40,11.40
17.55,9.91
17.29,11.11
15.71,9.42
17.48,7.88
15.98,9.97
20.86,10.07
17.24,11.87
15.06,7.13
16.05,6.88
17.09,11.67
19.26,13.31
19.48,10.40
23.65,9.14
23.46,13.05
16.89,9.65
15.76,7.37
16.48,7.72
15.08,12.96
15.48,11.86
15.92,10.46
15.29,8.11
16.24,5.10
16.30,4.37
16.57,9.45
14.17,8.70
15.39,5.01
15.94,2.80
12.69,3.48
12.59,7.57
14.91,5.39
13.84,7.43
14.60,6.85
12.77,2.88
15.91,1.92
17.76,2.34
17.91,11.80
15.52,7.94
11.50,5.26
11.18,0.73
10.32,-1.00
11.48,1.31
8.21,-0.71
9.90,-0.97
10.64,8.49
10.56,7.62
9.74,6.83
10.83,4.08
12.19,3.72
9.49,8.35
12.53,4.05
10.93,3.37
12.99,10.48
13.64,7.87
12.84,9.09
11.63,0.93
8.73,-0.10
8.61,5.24
11.16,6.00
11.18,6.92
7.94,3.04
6.96,2.07
6.34,0.35
7.61,-0.20
5.74,-2.09
4.28,-1.28
3.95,-3.19
7.28,1.55
6.73,5.42
6.83,3.69
3.83,0.99
4.85,1.36
9.11,0.95
10.74,3.70
8.52,3.54
5.41,-1.48
7.36,1.97
5.06,0.66
4.77,-2.32
5.88,-0.67
6.79,2.90
8.20,4.40
10.17,6.82
9.90,6.24
8.39,4.67
7.97,4.12
12.28,6.09
11.06,8.61
12.69,6.07
7.04,3.80
8.67,3.34
5.00,2.49
6.14,3.77
5.34,2.31
4.39,2.85
4.28,2.56
3.84,-3.54
1.63,-5.56
3.46,0.78
1.63,-0.20
0.71,-1.62
0.47,-2.53
-2.27,-5.32
-3.27,-7.12
1.96,-6.43
1.38,-1.08
3.20,1.19
4.16,2.24
6.05,2.52
9.04,5.23
7.21,3.89
6.28,2.61
4.96,-1.67
1.46,-1.64
1.50,-0.24
-0.22,-3.21
-2.90,-5.36
5.00,-3.30
4.93,2.79
7.03,0.42
6.81,3.95
6.86,3.95
9.67,4.24
11.57,8.00
10.94,3.63
7.51,0.40
7.31,-1.47
10.16,6.57
10.53,5.47
7.59,4.62
10.44,6.38
12.16,5.19
11.19,5.41
8.96,1.54
4.78,0.32
7.42,1.39
8.94,4.73
8.50,3.31
9.88,5.47
8.98,4.53
8.57,7.14
7.23,5.08
6.30,2.05
4.12,1.02
7.09,2.71
4.52,0.00
6.12,1.05
8.57,0.91
8.14,2.97
9.23,4.87
8.36,3.36
11.77,1.54
13.43,-0.23
12.92,-0.72
11.10,-1.59
5.08,3.03
4.71,-1.11
4.92,-1.10
3.79,-4.57
3.43,-6.22
4.83,-5.16
6.79,3.08
6.39,1.79
7.27,0.05
8.91,1.34
11.68,7.48
10.05,5.37
10.67,8.01
10.00,3.47
12.77,6.44
9.37,5.02
9.82,2.87
10.56,1.00
8.05,4.35
8.83,4.42
7.66,0.68
6.98,-0.41
6.47,-2.09
7.72,3.81
8.86,6.50
11.02,1.79
11.43,5.65
13.26,5.87
10.17,6.05
8.18,4.81
10.06,3.38
9.26,3.72
9.53,2.64
7.79,2.51
6.51,0.25
8.46,0.44
7.49,-0.92
5.97,-2.72
6.91,1.72
3.19,-2.18
3.92,-5.17
3.26,-1.45
5.84,-1.14
7.05,-0.80
8.32,-2.58
11.36,2.08
11.39,4.46
19.56,5.89
13.01,3.83
15.76,1.25
9.98,6.49
9.24,5.74
10.30,4.59
8.26,3.57
7.62,0.02
8.27,-1.22
10.76,1.43
10.26,0.19
10.54,-1.50
6.40,2.16
14.76,2.53
13.98,3.13
10.40,1.95
12.02,1.68
10.86,-0.21
7.74,1.33
10.52,4.52
10.26,2.64
12.97,5.09
16.11,4.85
15.41,5.41
18.34,3.94
19.87,6.30
16.64,6.41
18.08,4.30
21.74,7.20
22.66,9.80
12.90,8.35
19.40,7.08
17.46,6.97
17.32,5.45
18.44,2.63
18.83,4.84
20.43,5.74
21.52,5.88
23.16,6.13
23.82,7.41
24.52,10.35
24.53,10.47
25.58,9.69
25.81,8.33
20.27,9.13
20.64,6.02
22.14,8.24
21.16,7.80
14.11,8.87
16.78,5.97
15.87,3.94
16.87,2.17
18.14,3.77
19.30,5.70
21.36,6.73
20.39,7.68
20.08,8.76
15.97,11.42
19.51,10.79
25.06,12.80
26.72,14.73
30.05,15.33
30.01,15.93
29.61,15.41
30.87,15.98
29.67,16.57
25.73,13.37
25.84,12.69
25.64,12.59
26.82,16.60
27.72,13.07
26.07,12.22
24.32,10.92
17.97,9.91
17.64,9.58
17.03,7.52
17.26,8.06
16.81,8.11
17.91,7.49
20.41,7.07
23.68,9.30
23.05,12.77
21.42,11.50
21.55,11.19
29.32,13.94
19.22,9.29
20.38,7.31
25.90,11.20
24.26,13.17
19.63,11.39
22.61,12.53
23.84,13.84
22.54,11.16
26.92,10.70
31.75,14.99
29.71,17.88
17.98,14.14
24.54,14.11
25.26,13.39
20.14,11.60
20.90,12.08
19.49,11.37
20.40,11.75
22.19,16.26
20.54,13.10
21.44,11.85
22.06,12.95
22.02,14.59
20.85,12.31
18.18,12.20
18.41,13.20
20.23,13.54
18.82,12.26
14.64,10.91
20.94,11.02
23.40,10.33
26.21,11.66
29.37,15.90
31.04,17.02
31.56,17.24
31.78,17.66
32.59,18.24
26.85,17.91
30.40,16.75
28.84,17.18
25.47,14.71
24.36,17.09
20.95,14.85
21.42,12.19
25.71,12.25
31.57,15.57
22.55,14.05
20.86,12.15
20.55,14.36
22.71,13.78
22.36,14.32
20.55,14.45
21.45,11.36
20.36,9.36
21.99,8.07
22.84,8.29
19.02,14.59
22.93,15.68
21.43,15.08
22.45,14.23
21.02,13.67
14.73,12.13
19.70,13.35
20.07,14.02
20.37,14.96
18.46,16.19
20.65,16.11
20.19,14.96
22.55,10.28
25.08,11.24
21.13,13.26
20.36,12.49
18.43,11.49
19.73,10.57
22.14,12.60
22.86,15.64
21.97,13.67
20.40,13.09
23.00,12.05
22.80,13.23
24.15,13.90
20.83,10.78
17.65,7.81
16.05,8.28
16.53,7.58
14.67,7.68
16.76,7.24
16.35,4.94
16.27,4.05
18.16,2.06
17.96,9.03
14.98,8.98
14.13,11.46
17.84,10.18
18.45,9.21
16.07,5.29
17.76,3.74
14.88,8.31
14.12,8.22
12.35,8.11
13.03,8.86
13.04,8.08
12.20,6.76
11.95,6.32
11.65,7.66
14.91,7.42
17.74,10.68
19.99,11.15
16.45,6.20
16.50,4.66
18.57,9.44
15.62,7.58
19.82,5.76
17.08,9.56
16.00,9.63
13.36,7.26
11.99,6.60
11.64,7.58
13.52,9.36
15.98,8.26
15.74,7.65
11.23,6.42
13.21,5.18
11.40,7.26
12.91,2.48
12.96,10.31
11.58,4.53
9.78,3.35
7.96,0.41
6.24,1.00
7.87,-1.25
8.37,4.49
8.86,5.49
9.31,6.54
9.78,8.04
10.18,8.62
10.87,9.15
11.53,6.83
10.95,3.67
11.78,5.89
15.57,7.44
16.35,7.97
10.53,6.46
9.26,4.89
10.49,6.73
11.73,9.45
10.36,5.65
8.47,-0.83
7.73,4.12
9.68,5.30
9.94,3.56
4.28,-0.35
3.31,-1.27
3.40,-1.49
3.33,-2.32
4.83,-1.46
7.11,1.14
7.42,6.15
6.70,0.78
2.56,0.28
2.66,-0.50
3.38,-0.81
4.83,2.47
2.62,0.30
4.83,1.18
6.96,3.55
5.69,1.70
6.93,2.05
6.13,2.21
2.31,0.20
2.86,0.32
1.84,-0.12
2.40,-1.25
3.72,-1.15
5.71,2.97
3.63,2.76
3.65,2.37
3.19,2.19
4.90,1.90
6.86,2.88
8.30,3.81
9.47,3.24
9.89,5.37
7.70,3.96
7.51,4.88
6.14,-1.11
0.42,-3.14
2.20,-2.50
2.76,-2.01
-1.03,-5.08
-3.74,-7.32
-1.19,-8.43
2.33,-2.41
1.31,-8.14
3.76,-7.87
3.74,-0.43
-0.22,-9.63
-2.41,-11.89
1.89,-7.82
-1.15,-10.31
0.94,-3.10
4.73,-2.91
4.08,-4.49
7.68,2.60
6.01,3.21
3.83,3.14
3.50,1.56
2.16,0.76
4.82,-1.02
5.80,2.54
6.68,1.80
7.12,0.46
4.44,-2.67
4.51,-1.61
3.26,-0.15
5.08,1.71
5.67,-1.63
-0.57,-2.22
-0.62,-3.06
-1.06,-3.53
-0.95,-3.84
1.20,-3.63
3.10,-0.16
0.07,-3.86
1.84,-0.86
3.32,1.38
2.67,1.11
6.02,1.09
10.36,1.89
4.18,1.20
5.69,-0.44
3.20,-1.14
1.99,-0.22
3.47,-2.52
2.16,-5.12
2.29,-6.95
0.27,-6.14
1.57,-2.45
3.52,1.27
1.81,-3.94
1.18,-7.99
2.53,-1.05
4.48,0.66
4.09,0.58
7.72,3.94
6.68,1.74
6.49,-2.17
6.05,3.41
8.29,5.11
7.55,3.85
8.97,4.30
9.55,5.32
8.24,4.11
9.70,2.51
11.23,2.15
8.27,2.66
5.86,2.98
7.21,0.14
8.41,0.52
6.52,1.94
5.71,2.94
8.90,2.33
7.71,2.90
10.78,2.12
11.53,1.86
8.86,6.09
8.77,5.95
10.75,1.98
10.76,1.03
9.68,-0.78
7.82,-2.34
9.92,-2.53
8.73,4.74
6.83,1.98
4.36,-0.91
3.20,-1.33
7.70,2.48
9.74,3.62
9.98,3.47
9.51,0.77
10.99,-0.11
12.13,0.13
14.23,1.41
17.16,5.36
21.08,4.06
18.37,5.27
14.33,3.64
18.04,3.07
23.31,8.69
17.93,8.79
18.29,6.04
21.65,8.38
21.69,10.39
21.01,9.02
20.81,7.89
21.81,7.37
22.49,7.74
21.63,8.81
14.99,6.34
17.04,3.07
16.73,3.83
18.30,3.57
20.02,4.03
11.71,6.22
17.27,5.68
19.89,5.11
22.60,7.93
24.88,9.66
19.73,11.22
21.66,10.38
15.11,9.65
22.03,8.31
20.28,7.63
20.51,6.22
15.22,7.90
13.92,5.89
14.50,6.85
13.52,6.08
16.54,7.49
19.65,6.71
18.77,6.68
18.71,7.11
16.10,4.55
16.58,2.71
18.73,4.69
18.56,7.58
15.18,9.32
17.90,9.32
18.91,9.28
21.41,8.40
21.71,8.41
20.97,9.74
22.94,7.97
18.41,8.03
18.99,7.35
23.01,8.72
22.50,10.20
27.06,12.35
18.26,9.36
16.50,8.83
20.55,7.44
19.90,10.23
24.30,11.74
25.74,11.08
22.45,10.90
16.82,7.86
15.78,6.47
15.40,4.16
16.67,2.47
13.44,9.34
16.61,9.27
20.35,9.78
17.95,11.44
14.75,9.00
15.93,8.63
17.31,8.35
21.22,6.00
17.41,9.45
16.04,6.65
21.36,6.90
21.35,13.17
17.88,10.00
17.86,9.25
18.00,8.11
20.96,7.07
23.00,8.85
23.22,10.25
20.59,15.53
22.29,16.20
21.30,15.45
21.86,13.69
25.01,13.23
26.26,13.86
28.63,17.26
29.28,16.71
31.18,18.25
25.32,16.85
25.55,14.70
25.60,13.52
24.31,13.25
21.05,13.00
19.10,11.64
17.19,11.60
18.86,11.40
20.71,9.66
25.09,13.62
26.48,13.10
28.61,15.40
26.78,13.69
24.67,16.27
21.27,14.43
22.07,13.58
20.40,12.18
24.78,12.05
24.22,16.36
22.08,15.19
22.04,13.55
19.04,11.89
22.07,11.76
28.91,15.69
23.24,12.09
26.56,11.74
22.02,12.66
22.15,10.90
25.67,11.00
26.98,15.71
22.11,13.09
23.29,10.42
25.99,11.11
27.44,16.08
29.69,17.03
29.13,17.88
27.74,16.48
22.93,15.71
22.53,15.31
22.35,13.52
22.35,11.92
21.61,11.12
27.42,15.43
25.70,16.06
24.27,14.38
23.10,11.96
29.23,10.89
35.03,16.98
23.17,14.15
22.61,11.21
25.02,9.14
26.23,12.63
23.08,14.76
24.25,13.70
27.52,13.40
21.80,12.32
19.74,10.62
18.88,10.21
25.25,11.88
30.22,15.26
21.58,13.99
20.16,13.75
19.54,11.89
19.30,11.72
19.28,12.29
22.56,12.10
27.81,10.84
25.64,12.48
19.30,10.97
19.84,8.83
19.58,9.24
18.77,12.16
18.76,13.02
20.11,13.62
20.04,9.73
17.89,6.27
19.28,5.19
23.37,8.81
25.55,9.59
19.33,8.28
22.15,9.68
20.05,12.65
19.40,10.47
17.93,10.34
19.79,7.21
21.54,4.72
17.12,12.07
14.77,7.04
15.34,4.57
15.04,7.38
11.25,6.05
14.72,8.34
14.11,7.81
15.04,5.69
15.94,8.42
18.83,10.26
14.89,7.22
12.99,3.87
8.25,4.11
12.79,7.67
11.10,3.95
10.53,0.27
8.92,-0.66
9.96,-0.61
10.45,0.59
8.89,1.80
11.03,-0.21
10.14,0.06
10.33,1.05
7.53,3.05
7.59,5.31
7.86,5.89
9.66,6.21
15.31,9.21
13.54,10.61
12.26,9.00
12.27,8.36
12.66,7.63
9.81,2.01
6.80,0.21
7.75,2.92
11.81,6.29
9.54,5.47
6.03,2.64
8.95,5.58
10.62,7.70
9.25,6.32
7.77,3.94
8.04,5.70
6.58,4.84
7.70,5.04
9.28,5.39
13.68,6.34
15.30,10.52
12.52,9.20
11.57,8.33
12.25,8.98
10.82,8.64
12.76,9.61
16.11,9.40
13.41,9.87
13.51,8.65
10.30,8.82
12.91,8.62
13.90,8.16
10.50,7.58
7.97,5.58
8.98,5.73
10.54,6.84
8.79,1.55
4.79,-3.18
2.17,-5.17
7.99,1.33
7.00,1.34
5.51,1.47
10.14,5.37
8.79,1.49
5.40,0.60
6.76,4.48
6.15,4.38
6.00,3.12
4.09,1.73
2.48,-3.38
0.18,-2.35
0.94,-3.72
-0.16,-4.33
-0.95,-4.19
-0.82,-10.40
-7.95,-10.62
-4.96,-11.70
0.55,-5.17
1.84,-3.79
1.41,-3.57
0.84,-5.77
3.74,0.73
5.51,2.52
5.01,2.63
5.56,-2.59
-0.73,-4.48
0.39,-2.21
1.37,-1.08
0.37,-2.23
-1.51,-9.31
-2.66,-8.23
-2.85,-6.98
-0.50,-3.16
-3.11,-8.25
-3.55,-9.99
-1.54,-5.99
1.25,-3.86
1.88,-0.31
1.71,-1.11
-1.06,-5.35
-1.18,-3.70
-0.41,-1.75
-1.72,-2.63
-0.39,-2.07
-1.23,-2.69
2.54,-1.52
2.62,-0.20
0.52,-4.20
-4.19,-7.70
-4.39,-7.30
-5.57,-9.93
-7.69,-11.29
-6.06,-12.34
-3.46,-14.62
3.17,-13.46
3.11,0.28
1.50,-1.20
-1.16,-8.53
1.51,-4.07
1.32,-6.80
1.16,-6.99
3.54,-0.41
1.73,-0.33
2.45,-0.28
0.94,-4.36
-4.22,-9.01
-3.59,-8.14
-3.04,-4.82
-2.00,-4.78
-1.63,-3.42
-2.14,-3.76
-1.92,-3.45
-1.07,-10.38
-2.02,-12.13
1.52,-6.54
-0.06,-8.39
2.90,-1.92
8.07,0.32
3.51,-0.38
2.60,-1.27
6.87,-0.53
2.36,-1.79
1.07,-2.36
8.07,0.94
10.33,3.66
8.68,4.06
8.10,1.74
5.11,1.02
6.35,1.53
5.83,-1.68
3.48,-3.95
3.72,-5.96
1.00,-8.97
2.70,-14.01
2.54,-6.51
2.62,-9.34
-0.55,-4.27
3.13,-3.43
5.63,2.44
6.24,2.43
6.57,1.21
4.13,0.24
6.25,-0.04
11.48,3.96
15.98,2.66
14.05,9.79
14.31,11.27
11.81,4.19
13.66,0.99
12.82,2.33
15.39,3.54
21.00,5.40
17.18,5.37
11.67,5.56
12.43,4.28
12.12,5.07
15.78,5.04
13.17,4.71
8.53,2.56
13.41,1.96
13.22,3.34
14.59,6.78
11.04,4.97
15.29,5.63
18.25,5.87
13.74,3.86
13.44,4.22
13.60,5.62
9.04,3.96
9.85,2.72
14.57,-0.02
13.04,1.08
15.74,1.31
12.29,3.01
16.59,1.82
19.46,0.70
11.75,0.49
11.09,0.02
8.82,2.05
10.93,1.09
14.04,-1.10
15.82,3.84
22.28,5.97
13.85,8.36
17.48,5.85
20.86,3.81
25.56,10.14
18.97,8.73
16.09,5.85
14.98,1.96
9.11,5.65
11.11,0.90
13.40,-0.76
10.48,4.60
8.26,5.62
9.69,6.59
10.97,3.12
10.37,1.44
9.88,4.70
9.71,6.43
11.17,6.75
12.98,6.48
13.30,6.36
15.80,6.30
15.99,5.22
13.15,5.49
18.52,8.51
18.76,8.81
20.38,7.41
21.97,9.72
21.85,9.45
18.99,9.87
14.12,4.28
15.14,3.14
16.18,8.41
18.44,7.03
19.14,5.60
18.07,10.44
15.38,9.78
19.71,7.81
21.32,10.32
21.96,8.87
19.83,8.88
21.86,9.19
26.42,8.12
18.11,9.67
22.99,10.51
24.29,15.49
22.64,16.82
24.96,12.62
18.26,11.34
16.15,8.39
18.78,7.11
18.04,6.99
21.32,7.04
23.65,7.47
17.16,9.23
14.30,8.75
18.03,8.23
20.41,6.09
20.55,8.40
23.71,7.10
26.13,9.08
22.66,12.48
22.02,9.22
26.11,10.79
29.25,14.35
29.31,16.28
24.04,14.19
27.20,11.93
33.73,18.80
34.66,19.70
27.28,17.05
25.30,13.25
21.09,11.56
25.04,9.53
31.61,17.23
35.27,16.10
33.98,21.52
29.94,21.96
34.82,20.07
27.43,18.69
32.93,18.73
27.04,14.85
31.98,13.42
25.05,15.38
24.30,12.61
28.93,12.71
30.27,15.43
34.44,18.24
25.94,18.24
22.81,15.19
21.84,13.30
22.25,10.54
23.43,10.51
24.47,13.00
21.90,12.54
21.68,12.78
21.60,11.29
26.12,10.32
26.64,16.98
23.22,15.76
21.70,13.23
23.77,11.55
21.31,14.67
23.46,13.70
25.81,11.60
23.57,15.84
21.33,14.26
27.15,14.72
23.43,14.88
21.26,14.29
23.84,13.95
21.72,16.14
21.41,16.62
19.73,14.63
21.99,13.36
20.24,12.56
20.85,12.21
25.46,11.22
26.58,18.20
25.07,17.16
22.64,16.38
20.56,11.49
19.84,12.09
16.39,12.59
15.14,10.01
17.88,9.88
18.00,10.29
17.14,9.04
18.98,7.83
18.59,12.36
20.19,9.03
19.35,6.10
18.28,9.19
18.99,7.54
18.48,6.73
17.19,8.74
18.61,12.34
14.62,13.11
18.16,13.22
22.40,14.33
22.19,12.71
18.52,12.96
17.27,12.13
16.95,10.88
16.67,9.69
15.31,9.38
14.67,8.48
15.38,8.40
14.98,11.83
17.67,6.46
21.16,5.42
24.20,9.95
19.73,13.62
15.27,10.58
13.55,9.99
14.17,12.49
12.66,5.77
12.95,3.72
13.46,4.69
13.84,4.79
12.75,7.66
17.70,11.55
17.76,10.01
19.05,10.85
19.95,11.54
17.00,13.62
16.83,9.86
17.61,7.47
15.04,3.28
13.10,0.32
12.96,0.88
13.31,1.98
13.19,1.54
12.65,8.32
9.26,3.35
11.21,-0.24
9.63,-0.15
11.98,6.98
11.00,2.49
9.02,2.35
10.09,7.19
10.84,5.97
9.41,2.93
9.90,1.74
9.95,2.59
9.26,6.03
11.35,7.82
12.56,8.64
15.50,8.52
9.84,5.71
10.73,8.04
11.59,8.22
13.39,10.04
14.33,9.60
14.35,9.18
11.07,1.26
6.80,-1.23
3.93,-1.98
5.78,3.19
6.09,1.34
7.34,1.09
11.04,6.90
11.00,8.00
13.88,8.36
13.37,3.42
8.72,2.89
6.47,4.69
5.75,4.42
6.65,4.47
7.44,4.90
6.95,5.27
6.83,3.69
3.72,0.85
1.79,-3.64
0.56,-4.19
-0.24,-2.79
-0.39,-7.00
-1.40,-8.49
1.42,-2.44
-0.74,-5.34
-5.10,-8.20
-4.02,-5.68
-1.87,-5.71
-0.49,-5.88
2.24,-1.10
1.73,-1.39
-1.24,-3.73
-1.48,-4.53
0.84,-2.49
3.40,-5.96
7.49,2.48
4.01,-4.77
-0.02,-7.72
-1.07,-8.32
-2.98,-9.06
-0.62,-5.80
-3.65,-5.36
-3.22,-8.66
-7.80,-10.10
-4.13,-7.93
-4.74,-10.99
-1.83,-6.65
0.81,-1.89
-1.15,-3.72
-3.71,-11.84
-0.68,-8.76
0.22,-5.40
-2.78,-8.24
-7.21,-8.54
0.36,-8.25
3.30,0.36
4.18,0.85
2.81,-0.29
0.75,-3.67
1.40,-1.26
-0.46,-4.80
3.36,-2.72
4.66,1.48
11.38,4.64
7.78,2.49
3.63,-0.95
3.61,-2.94
4.43,2.66
9.17,4.31
10.60,8.52
9.42,7.03
11.06,7.92
9.31,7.51
8.61,3.15
5.09,1.69
1.77,-1.78
0.78,-2.41
2.81,-0.20
3.35,-0.26
5.13,-0.34
4.64,1.13
1.80,-1.67
-0.43,-5.64
0.30,-7.31
-3.05,-8.03
-1.42,-4.90
-1.37,-2.22
-0.41,-3.50
2.82,-0.42
7.23,2.07
10.69,3.54
10.73,6.80
9.92,6.92
10.67,6.91
8.26,2.28
6.48,0.80
7.62,1.04
7.04,0.35
1.08,-1.76
0.67,-1.16
1.38,-0.18
0.24,-1.50
3.08,-1.06
1.83,-2.97
0.37,-1.35
-0.46,-2.21
-1.04,-5.22
-2.01,-7.10
-2.78,-9.03
-1.03,-8.61
3.08,-4.55
5.20,-3.61
8.42,-1.09
2.76,-2.93
3.27,-0.22
3.45,-2.59
0.58,-2.17
5.08,-3.76
1.31,-4.37
7.97,-1.69
6.18,-4.26
6.88,-5.88
10.34,-3.70
8.23,2.39
7.84,3.04
9.73,2.19
13.53,1.97
15.47,6.61
12.43,7.68
7.87,1.11
5.39,0.06
4.65,1.96
7.43,1.54
9.78,-0.91
10.68,-0.12
13.67,-0.67
16.09,4.24
12.38,2.72
15.24,4.46
9.90,4.56
8.67,-1.14
10.65,-2.47
9.80,-2.00
12.03,-2.66
16.57,-1.11
13.62,9.15
15.85,8.97
23.03,8.91
15.76,7.97
14.94,4.70
12.51,6.14
14.85,9.60
14.85,5.60
15.01,5.58
14.67,3.63
17.86,1.68
21.61,3.45
10.26,5.91
11.57,3.67
13.42,0.90
15.53,0.25
16.67,1.23
17.17,5.24
18.64,1.73
21.63,7.70
23.16,7.61
23.32,8.48
23.73,9.18
23.90,11.32
22.58,8.73
21.51,6.33
22.39,6.16
20.98,9.46
18.61,8.16
19.09,9.05
17.05,7.41
14.71,5.83
10.91,3.17
12.66,1.72
12.99,1.32
17.92,-0.52
22.87,4.24
26.23,10.11
24.78,10.33
26.60,12.54
26.46,11.47
21.82,10.28
20.57,8.81
18.44,6.90
18.36,7.02
15.41,7.51
13.52,7.83
15.86,11.43
20.16,11.29
16.49,11.80
19.22,9.37
23.23,7.18
24.87,10.70
21.68,9.44
17.17,8.93
19.26,7.72
26.20,9.30
16.84,8.99
18.28,8.23
18.48,11.50
28.97,11.91
21.81,9.50
19.54,7.60
22.18,4.97
26.18,11.63
26.33,13.06
29.40,14.28
29.37,17.10
21.80,12.43
19.81,11.57
20.67,10.14
20.42,8.31
19.86,8.97
20.36,7.78
24.55,12.17
20.52,9.69
23.60,7.28
24.71,14.12
19.90,13.15
21.33,11.42
16.24,11.53
18.31,10.65
20.70,9.18
23.07,12.00
20.29,11.07
18.29,9.84
18.85,8.84
23.12,12.82
28.08,12.87
30.12,16.70
27.65,14.00
18.42,10.95
19.36,9.97
13.86,12.25
15.68,13.48
17.78,13.98
20.44,13.45
27.05,13.94
25.08,12.73
23.81,13.96
26.61,13.05
23.97,11.80
23.81,12.94
23.81,11.17
23.69,16.19
18.42,12.95
18.09,11.44
25.56,9.56
21.25,14.55
21.43,13.72
22.95,14.17
24.79,12.76
20.07,13.92
15.73,12.84
17.53,12.29
13.67,11.13
18.92,11.99
22.75,11.71
24.71,13.45
23.46,10.96
19.53,14.95
18.71,14.63
16.81,14.76
19.80,14.63
26.16,15.24
27.16,15.96
23.97,17.90
24.95,14.31
25.44,14.23
21.81,13.58
17.58,13.14
17.56,12.54
17.73,11.74
18.83,13.42
20.19,15.62
22.37,15.06
21.25,15.56
21.43,11.63
18.68,9.06
24.24,12.61
20.65,11.16
19.20,11.97
23.32,11.08
26.36,13.88
23.56,15.39
23.26,15.80
26.49,16.01
24.45,16.86
30.62,17.56
18.41,13.46
18.67,11.56
16.05,11.61
15.60,11.20
16.78,9.59
17.05,8.40
20.64,6.82
28.11,13.14
25.98,16.49
20.67,13.46
20.57,13.19
17.35,11.79
17.15,11.65
17.88,11.87
24.84,16.58
24.46,16.12
20.68,14.67
19.28,13.00
16.83,12.05
16.87,10.80
16.77,9.42
18.89,10.95
16.52,9.54
17.71,8.66
18.93,10.37
19.42,13.58
17.42,9.90
18.17,7.36
20.32,7.52
22.92,9.02
25.06,10.35
19.32,9.30
22.86,7.92
25.06,9.96
26.53,9.74
26.25,9.88
24.22,9.17
22.85,10.84
19.69,13.02
17.79,12.23
17.16,7.92
14.31,7.12
12.90,3.33
11.87,0.62
15.80,10.92
13.97,8.95
14.56,5.60
15.39,1.90
11.69,-0.61
12.23,-0.02
14.90,1.47
13.25,0.82
12.04,7.02
12.29,5.82
10.52,4.50
11.74,2.26
11.88,1.68
12.70,0.27
10.03,3.14
11.66,7.19
14.15,4.05
12.41,2.92
14.56,6.66
14.54,9.50
15.54,11.52
15.89,10.70
13.35,6.71
12.78,5.85
14.75,7.93
13.28,6.28
10.27,6.06
9.29,5.65
10.13,8.55
9.40,5.47
6.10,3.61
6.81,2.33
3.15,0.10
5.19,-1.96
3.93,-2.50
2.02,-3.06
2.66,1.59
2.03,0.37
4.28,-1.89
8.06,2.87
8.40,2.44
7.55,1.34
3.76,0.47
3.64,-0.63
7.25,-0.71
9.15,6.75
8.92,5.78
11.12,5.27
10.92,7.17
8.65,1.93
7.54,1.91
9.48,5.85
10.60,4.64
10.93,4.26
7.89,3.91
7.58,3.54
4.39,0.59
3.60,0.58
5.56,1.11
9.12,2.40
8.89,0.77
3.76,0.89
4.08,1.92
7.10,1.84
8.72,3.91
6.70,3.38
6.36,3.47
5.13,1.31
5.79,2.41
2.95,1.05
3.98,0.93
3.57,0.63
5.23,-0.88
8.28,-0.58
9.48,8.16
8.38,3.19
10.37,4.60
11.76,9.43
11.57,7.41
8.05,6.58
7.10,3.14
6.60,2.23
5.89,1.27
12.32,5.87
12.32,3.70
9.33,3.30
6.41,2.58
7.74,4.40
5.26,1.43
7.54,4.01
7.18,4.35
7.81,3.62
7.50,3.73
8.61,6.60
9.32,2.77
6.32,1.72
5.04,-1.73
3.55,-3.69
3.28,-2.18
4.44,-0.40
4.54,-0.89
5.81,2.59
4.40,0.57
7.20,1.17
6.04,1.26
4.22,1.00
3.43,0.80
1.05,-2.66
1.50,-2.68
-0.04,-1.81
-0.15,-3.76
-2.87,-5.77
-2.40,-6.91
-4.62,-8.85
-2.17,-7.94
-3.93,-12.76
-3.80,-13.28
-5.14,-14.15
-5.81,-14.36
-8.63,-17.01
-1.90,-17.33
-0.30,-3.35
0.53,-6.18
-1.79,-7.75
-1.83,-6.11
-0.50,-6.65
1.55,-2.35
5.06,0.87
6.75,-1.82
4.99,-3.37
7.19,3.36
7.41,3.31
5.16,0.14
5.35,-1.25
6.02,0.57
7.98,4.44
11.47,5.13
11.91,4.56
8.60,3.51
8.37,-0.50
6.51,-0.98
9.68,6.51
10.37,6.95
9.50,6.96
7.28,3.88
9.91,2.50
8.84,4.53
7.61,2.29
8.10,-0.42
8.36,1.18
9.82,1.22
10.32,0.96
12.31,6.74
9.68,6.54
8.48,6.27
10.22,6.65
9.44,6.52
12.51,2.13
18.69,0.46
12.49,2.08
11.82,4.93
11.14,3.86
12.81,3.67
14.60,4.39
15.83,1.09
18.59,1.08
14.35,1.73
17.46,2.96
12.45,2.73
16.88,5.42
18.10,5.60
9.59,7.03
9.40,6.19
7.88,0.53
8.67,-0.12
7.31,3.13
3.74,1.05
4.89,2.94
8.65,-1.27
10.70,-1.97
5.67,0.06
8.32,-2.97
9.11,3.78
13.04,7.90
12.78,4.25
14.33,2.88
10.63,3.00
13.06,3.53
11.33,3.17
10.32,-0.12
11.86,0.28
14.10,6.00
18.26,4.22
15.78,4.87
15.13,5.41
12.98,3.26
14.78,3.74
13.92,5.95
16.06,7.72
17.06,10.36
18.83,11.59
18.43,9.87
18.76,9.51
22.54,8.07
21.01,9.64
21.66,8.08
19.69,8.50
16.10,8.60
13.92,6.93
9.96,5.94
10.19,2.01
20.82,1.72
22.02,13.81
23.36,12.61
21.50,7.71
12.47,5.57
13.89,3.81
17.53,5.84
12.59,7.25
12.07,3.95
13.04,3.40
19.59,5.67
22.35,11.11
27.14,10.47
27.59,13.21
29.12,15.60
26.62,13.54
25.26,11.95
24.95,12.13
25.01,10.42
24.33,11.86
25.71,9.24
19.27,11.15
16.20,9.71
16.63,10.50
15.30,7.46
14.93,6.16
13.04,5.95
15.43,7.16
15.73,5.38
14.82,5.64
22.09,11.16
22.92,11.79
17.82,10.90
19.29,9.70
20.14,8.20
18.65,10.89
17.14,10.01
17.12,8.15
21.63,9.29
21.56,13.66
21.27,11.29
26.51,11.00
22.00,9.67
21.65,14.81
24.46,13.86
22.96,13.22
20.72,13.04
14.98,12.11
17.10,11.60
16.23,10.20
16.45,9.44
24.19,15.21
28.34,17.46
26.51,15.13
22.32,11.32
21.54,10.63
23.13,12.09
25.66,13.09
24.36,16.94
27.10,17.02
24.83,14.41
26.63,14.38
21.84,15.44
23.43,15.06
21.42,12.62
19.46,11.73
18.98,10.58
19.05,11.58
19.97,10.90
19.86,11.15
20.77,13.57
21.96,13.78
17.29,12.53
17.92,11.19
18.97,10.98
20.52,10.94
26.01,13.35
28.95,13.24
31.04,14.93
27.56,15.57
31.49,13.96
23.28,13.89
21.20,12.34
20.06,10.24
20.48,10.98
26.86,14.28
27.05,15.29
24.93,12.37
23.46,11.39
22.74,14.67
23.17,14.91
20.72,14.38
20.66,12.87
20.29,12.28
18.59,12.25
22.39,11.44
23.04,11.42
23.38,11.47
24.70,12.47
24.20,12.76
22.69,12.95
27.18,12.95
30.01,16.03
35.90,17.49
29.96,17.61
23.56,15.44
22.27,14.43
23.38,11.93
19.71,11.25
24.21,14.18
19.97,14.02
21.53,12.59
22.63,13.48
25.84,10.56
22.24,13.55
20.41,10.10
17.81,8.74
22.22,8.74
22.19,12.15
24.27,9.36
20.51,12.00
18.76,9.61
18.66,13.53
21.29,12.02
27.21,12.24
27.92,15.14
20.48,11.28
17.55,9.38
16.38,8.74
15.03,11.19
17.53,11.44
21.53,11.81
20.43,13.25
18.25,9.11
15.70,6.71
15.71,6.06
15.89,9.36
14.93,6.71
16.07,4.80
14.41,8.66
17.58,10.80
14.38,10.02
15.62,11.07
16.02,9.81
15.40,9.76
16.58,8.40
18.06,7.22
17.28,12.28
16.97,10.69
12.53,8.27
16.31,8.64
12.54,7.91
13.72,6.33
14.10,5.74
13.26,5.46
12.43,5.40
14.49,5.09
11.28,4.73
13.81,6.75
11.99,6.60
11.74,6.43
13.18,6.67
14.21,7.50
21.26,13.46
23.24,11.94
21.30,9.98
19.78,12.63
14.07,12.12
13.25,11.23
12.14,9.20
11.11,4.67
5.82,-1.89
7.30,-4.23
8.67,-2.93
6.00,1.01
9.83,3.02
10.95,2.69
8.29,3.29
9.10,5.45
8.86,4.70
10.13,3.74
7.81,3.84
9.46,2.19
11.36,8.33
10.39,8.21
10.22,6.75
10.45,6.35
11.99,5.87
8.89,4.36
9.95,2.68
10.75,1.48
7.66,-0.83
0.24,-1.40
4.55,-0.11
8.28,0.51
8.04,0.44
9.39,4.34
7.66,4.23
11.00,4.13
8.57,3.28
5.02,1.35
12.53,4.32
10.37,6.05
9.70,4.33
5.66,2.07
4.42,1.73
3.23,-1.00
4.66,1.22
2.54,-0.94
4.00,-2.69
5.54,-1.49
0.57,-3.93
-0.27,-6.42
-0.97,-9.09
-1.66,-11.54
3.59,-1.86
2.02,-0.14
0.21,-8.95
-1.97,-6.67
0.31,-4.50
1.61,-5.02
8.06,1.52
7.35,4.54
6.06,3.44
4.94,3.21
4.23,2.09
2.50,1.29
1.39,-3.20
-1.07,-3.58
7.47,-1.07
12.43,6.08
12.19,6.53
8.43,5.82
8.78,-1.25
6.06,-4.91
10.83,5.98
11.05,4.72
10.21,6.46
9.23,4.11
7.20,4.19
10.17,6.04
10.10,5.77
8.17,6.04
7.83,5.85
7.64,5.24
7.84,6.66
7.95,4.86
5.27,-0.78
0.73,-2.47
0.54,-4.90
0.14,-3.23
-2.77,-4.84
-3.38,-9.72
-3.70,-6.01
-0.23,-4.41
-0.17,-2.85
-2.76,-7.41
-1.45,-7.74
-1.30,-4.66
-4.36,-7.42
0.04,-10.06
-0.22,-6.02
-0.71,-8.11
0.28,-8.95
3.90,0.28
4.57,2.17
10.86,2.24
11.75,5.77
7.58,5.72
7.03,2.57
3.81,0.89
4.17,0.70
7.96,2.84
5.47,0.15
3.05,-0.90
2.31,-0.78
0.41,-1.76
0.41,-2.33
1.17,-6.42
1.13,-5.19
0.95,-1.30
0.88,-3.01
1.82,-4.74
1.78,-3.06
3.14,0.65
3.64,0.91
4.27,0.51
2.47,-1.63
1.65,-1.90
0.72,-1.67
-0.50,-3.32
1.37,-3.57
1.93,-0.24
3.18,1.36
2.24,1.15
6.48,-1.79
3.70,-4.11
6.80,-1.62
3.22,-1.84
6.51,-1.48
8.54,-2.90
15.69,-0.81
13.51,-1.80
8.53,2.16
3.87,0.55
2.12,-1.09
-1.04,-2.73
-1.94,-4.62
-0.25,-10.80
0.11,-12.70
1.29,-7.57
2.73,-11.21
5.21,-3.67
3.50,-0.57
0.36,-1.38
1.20,-2.05
1.56,-2.18
1.94,-2.87
1.04,-3.90
-1.34,-6.43
1.94,-6.53
2.22,-3.73
2.96,-3.45
4.49,-4.78
1.42,-2.17
1.69,-1.16
3.37,-0.35
4.84,-3.51
6.30,-5.36
7.22,-5.31
6.21,-3.34
6.30,-1.06
3.68,0.37
9.36,-1.00
8.23,-1.76
8.50,-1.57
9.52,1.52
7.48,3.29
9.94,1.63
13.14,6.72
9.09,2.73
17.16,4.24
23.00,9.37
20.40,8.18
19.06,8.91
19.28,9.61
13.51,2.88
12.66,0.98
15.86,2.01
16.32,7.42
14.54,6.88
20.88,5.84
21.64,9.35
17.22,5.61
10.77,2.30
13.30,-0.19
12.43,4.82
14.03,3.70
16.17,-0.05
16.24,7.80
18.32,8.21
21.79,5.94
21.12,5.59
23.20,7.87
21.27,8.67
22.24,12.55
19.76,11.36
17.91,9.81
18.24,8.28
13.64,7.52
14.27,6.70
15.34,7.54
24.99,9.99
21.89,10.96
24.89,12.55
12.85,10.29
13.46,9.72
16.07,11.76
14.53,10.25
10.30,5.41
11.40,4.76
12.09,4.35
11.21,6.09
15.34,10.35
15.52,9.70
19.31,8.86
17.84,11.02
20.53,11.71
22.76,13.28
15.29,10.89
15.41,8.44
18.34,7.47
20.16,7.88
22.06,5.74
23.55,10.05
24.52,9.49
21.00,9.43
19.87,7.60
22.29,6.78
19.71,9.89
25.32,9.87
23.20,12.29
19.90,10.40
22.45,10.10
19.92,11.35
22.99,8.72
26.93,14.55
31.26,18.26
27.78,17.69
21.68,15.81
22.94,14.95
20.91,13.22
18.68,12.35
15.76,11.92
15.50,10.31
16.64,10.45
14.78,10.24
16.83,9.29
16.81,8.11
22.39,13.46
21.44,11.66
26.13,14.56
22.23,16.12
23.14,11.33
23.04,8.61
25.90,10.02
26.19,12.13
25.47,12.18
19.96,13.40
22.57,11.32
22.23,11.81
22.13,9.72
18.70,12.00
22.75,11.94
24.17,13.90
26.21,11.37
26.41,13.15
24.38,15.63
27.20,14.70
30.19,12.91
31.83,14.56
31.18,16.04
30.91,17.18
27.92,16.24
29.48,17.71
30.72,17.52
28.74,18.30
26.60,17.46
24.03,15.95
24.00,16.19
29.67,16.24
35.47,18.24
28.03,15.21
26.63,13.61
29.24,15.22
25.97,15.69
24.28,12.60
20.78,13.11
23.13,11.04
22.47,13.57
20.23,12.91
21.50,12.11
19.53,10.93
19.59,10.71
22.61,7.46
27.36,16.07
24.02,16.21
21.55,13.87
18.94,11.32
20.58,10.95
23.02,9.94
24.57,12.48
24.18,14.15
24.59,12.94
25.21,13.47
23.61,12.50
23.01,10.86
24.38,9.65
23.08,9.25
23.32,10.18
19.62,11.76
18.15,10.73
17.28,12.72
20.67,16.43
19.55,14.48
25.97,13.86
28.92,14.53
25.43,15.61
20.86,12.94
16.17,8.05
14.52,8.08
15.60,8.45
18.12,9.55
19.59,11.23
18.13,10.07
16.81,11.37
16.38,7.40
15.92,6.77
15.45,8.04
17.01,7.30
17.86,10.23
18.02,11.16
19.06,12.96
18.96,14.82
16.45,9.40
13.82,8.49
14.15,4.66
15.13,2.37
15.64,2.26
15.52,5.53
14.54,5.58
14.48,4.43
14.89,3.11
14.29,2.85
12.99,4.43
17.07,8.70
16.51,8.60
17.22,6.54
17.37,5.41
15.61,11.04
13.19,6.74
15.43,8.28
13.89,10.99
12.71,3.68
15.18,3.77
12.04,7.26
12.32,9.12
14.12,10.04
12.46,3.46
15.34,3.90
18.17,13.43
16.40,11.95
21.24,11.60
19.79,14.15
15.61,4.42
16.04,3.97
18.68,14.31
17.51,12.89
18.33,11.72
12.52,7.80
12.51,6.96
12.68,6.87
12.93,8.21
11.19,7.76
12.05,6.88
10.92,5.90
10.32,5.19
8.99,5.18
13.73,7.70
11.22,6.76
10.52,5.98
8.78,2.87
10.32,-0.28
8.23,6.25
10.70,4.43
8.23,5.06
7.03,4.49
9.56,5.26
8.44,6.07
7.65,5.05
6.36,4.83
5.41,-2.10
5.39,-3.68
5.76,1.26
7.20,-0.38
6.25,-3.34
4.60,-4.37
4.47,-4.06
8.28,1.56
9.19,6.09
6.89,3.67
6.15,4.37
9.40,1.55
5.43,-2.74
2.88,-1.84
5.93,2.75
5.11,0.11
4.59,0.22
2.80,0.05
8.76,1.80
9.75,8.38
8.94,5.22
5.32,3.25
3.85,0.92
5.19,0.96
5.94,-0.75
8.52,4.82
11.33,6.66
10.06,3.47
9.08,4.83
8.66,3.20
5.65,1.12
8.32,5.05
9.66,5.46
11.30,4.19
13.72,8.50
12.10,1.51
6.30,0.23
9.92,3.21
9.82,5.14
6.61,5.23
6.24,3.09
6.92,1.11
7.03,1.48
9.36,3.74
10.00,4.88
8.26,4.26
7.70,1.84
10.83,2.95
11.81,8.87
10.44,7.38
12.38,5.84
7.34,5.51
6.07,3.75
6.50,0.62
7.18,0.23
5.66,1.44
4.34,2.24
6.16,2.30
8.74,5.29
8.25,3.81
4.96,0.01
0.09,-1.24
-1.02,-1.65
-1.25,-3.95
-2.74,-4.50
-4.32,-8.61
-7.93,-11.85
-8.18,-11.67
5.17,-8.18
1.25,-2.73
-1.24,-5.83
-2.72,-5.41
-1.47,-5.49
5.02,-2.78
8.49,-0.34
2.78,-2.12
8.67,-0.59
5.00,-1.02
9.43,3.83
12.82,5.22
9.24,3.72
9.05,4.60
8.57,2.17
7.51,2.56
8.24,3.67
8.87,1.88
7.81,1.88
13.29,5.43
8.95,3.07
8.05,1.31
9.79,0.60
8.19,4.41
11.83,4.17
9.77,4.06
7.98,3.18
10.70,3.54
12.72,2.67
14.97,2.10
12.31,1.37
11.95,-0.75
7.04,-0.97
8.51,-1.47
8.18,1.24
11.41,0.80
10.13,0.54
11.84,-1.00
12.38,0.24
14.03,4.83
13.43,-0.08
21.03,2.74
19.28,1.50
13.79,2.35
14.57,-1.17
16.93,-0.29
8.91,3.36
10.88,6.93
10.42,7.99
11.21,8.71
10.33,6.92
12.87,6.98
20.03,7.22
14.88,3.65
12.41,3.09
11.18,1.83
11.08,1.11
11.09,0.31
11.75,2.73
12.11,2.62
8.05,2.82
16.03,4.97
18.76,3.90
15.78,4.04
13.74,1.68
19.39,5.17
16.16,4.26
7.58,5.44
10.74,5.93
16.68,7.08
19.89,12.84
16.62,6.07
11.54,5.49
12.18,6.42
15.51,4.36
15.24,3.13
13.88,7.23
10.66,4.71
12.86,3.05
14.84,-0.41
16.75,4.47
11.27,5.51
16.90,3.25
20.91,7.92
19.87,9.59
19.47,9.54
17.55,9.98
14.55,7.48
23.23,7.64
22.92,9.17
22.11,11.81
20.64,10.65
22.29,10.92
20.13,8.51
16.55,8.22
11.90,2.06
14.79,-0.48
11.50,5.99
14.91,5.87
19.77,8.27
16.61,9.45
14.44,9.35
16.21,8.02
15.91,8.90
13.74,9.80
13.22,8.67
13.67,6.73
13.91,6.20
16.24,6.57
18.67,4.85
20.77,6.43
20.29,7.20
18.84,11.04
27.15,11.06
29.01,15.07
29.90,16.34
18.68,11.04
22.92,8.66
22.39,11.65
23.29,11.37
19.32,11.04
12.43,8.59
15.34,5.43
20.25,3.59
18.24,8.86
14.92,7.64
21.26,6.92
23.10,8.02
25.49,11.43
18.37,11.82
22.77,11.80
27.62,10.48
28.51,15.75
26.65,15.48
30.57,17.05
23.21,12.90
21.72,11.30
19.95,12.94
21.51,10.90
22.90,10.05
18.45,10.16
23.47,11.98
20.49,10.29
17.76,12.71
18.14,11.81
19.08,11.51
17.92,9.99
18.42,9.22
17.09,11.08
20.01,9.30
21.63,8.08
23.26,8.50
22.11,13.73
21.11,12.00
20.25,10.62
18.21,10.31
20.20,10.46
24.34,8.60
29.42,13.08
29.81,17.86
29.21,17.53
23.45,17.01
21.99,16.20
29.46,18.14
28.56,18.27
25.23,16.42
22.83,13.41
22.75,14.29
23.72,15.45
24.34,14.73
24.20,13.15
27.03,11.23
30.21,17.04
32.32,19.30
30.93,18.67
29.10,18.58
28.27,17.41
27.69,17.47
26.28,16.95
25.96,16.84
26.91,17.19
28.15,15.56
28.95,16.54
28.77,17.47
25.11,15.85
24.60,14.39
28.87,16.80
28.03,17.30
28.13,18.21
23.57,17.37
23.91,13.32
25.30,10.34
22.43,15.04
26.08,12.90
24.09,14.11
25.97,13.45
22.60,15.12
20.54,13.35
23.78,12.18
22.11,13.20
20.65,12.59
17.98,11.97
18.19,12.66
18.30,11.84
18.04,10.47
17.44,9.51
18.95,8.74
19.31,11.19
18.56,9.79
17.77,9.17
17.85,5.95
19.32,4.74
22.03,7.95
24.52,6.71
23.02,13.74
20.35,14.41
20.40,11.69
19.24,11.26
22.46,13.08
22.36,9.29
24.60,11.64
26.85,14.00
25.98,15.38
21.98,12.19
20.95,10.11
18.43,12.04
20.96,12.07
20.39,10.63
22.06,10.01
20.81,11.16
20.45,15.28
24.71,15.43
24.19,14.06
23.85,14.07
23.71,13.94
24.16,13.37
24.63,12.83
19.80,13.02
15.72,8.52
17.31,4.42
16.69,11.77
17.74,11.32
17.94,12.65
19.56,7.46
21.34,7.05
22.03,9.38
19.86,14.24
20.76,10.02
19.92,13.52
23.01,13.03
21.19,10.35
18.90,8.35
17.90,9.61
16.11,10.94
15.64,9.26
19.05,13.64
19.12,9.36
19.43,8.68
17.17,10.38
15.33,11.67
18.22,9.79
16.47,12.42
14.46,11.53
16.87,10.74
17.80,8.67
23.07,14.29
15.85,11.95
13.33,8.93
14.88,8.76
14.17,8.49
14.74,10.92
13.14,9.96
14.53,9.21
16.51,10.13
16.13,4.75
8.88,4.88
11.39,3.02
17.18,9.12
20.41,8.05
17.21,8.77
16.71,11.67
15.42,9.39
9.73,8.30
12.00,4.36
9.75,2.58
13.04,5.57
11.01,3.99
11.13,4.93
10.26,2.89
10.64,8.47
11.31,8.81
12.10,9.34
10.67,9.35
10.66,7.21
10.51,5.64
8.94,6.28
7.78,6.78
9.33,-0.66
3.83,-1.38
6.78,1.50
10.02,4.59
11.67,5.05
7.70,-0.04
5.82,1.29
4.34,1.98
2.45,1.53
1.55,-0.84
0.00,-1.33
-0.05,-3.39
-2.19,-3.67
-1.78,-3.40
2.00,-1.82
3.55,1.35
7.18,-1.26
6.00,-0.25
5.04,1.86
3.86,2.16
6.48,3.07
5.45,2.73
8.97,3.41
5.53,1.91
4.36,1.42
5.66,2.08
6.54,2.15
7.90,1.40
11.95,7.69
11.83,4.91
7.45,3.44
8.83,4.21
11.87,8.43
10.68,9.37
9.96,4.40
7.18,0.03
0.50,-3.40
-0.36,-4.26
1.19,-6.27
2.18,-0.14
5.40,1.23
7.76,3.63
5.97,2.09
9.18,4.35
5.96,2.82
6.38,2.53
4.55,2.54
4.34,1.82
6.50,2.12
7.06,3.14
9.14,5.23
12.38,4.66
5.73,2.48
8.85,5.68
9.66,5.32
6.49,0.93
9.78,1.96
8.15,4.20
5.72,1.05
2.53,1.21
2.51,-1.33
1.77,-1.06
-0.65,-5.25
1.62,-2.40
-0.25,-3.53
1.06,-2.62
3.35,-0.63
5.50,2.19
6.73,1.58
6.32,1.63
3.18,0.88
2.41,-0.77
3.69,-1.50
1.62,-0.63
4.13,0.29
1.11,-1.48
0.78,-4.07
2.46,-1.83
2.89,-5.10
5.60,-4.30
5.13,0.84
6.52,4.96
7.04,4.10
4.47,1.67
3.35,-0.21
3.61,-0.20
8.71,-1.24
4.46,-0.09
4.21,-0.61
4.10,-2.85
7.28,0.04
7.14,1.01
7.14,1.02
6.45,2.04
7.20,2.12
4.70,1.30
7.36,2.42
8.63,2.24
9.16,3.51
6.68,1.43
7.24,0.46
10.22,2.89
8.13,1.02
6.93,0.86
6.43,0.76
8.57,1.53
10.03,4.90
13.05,5.23
18.05,4.99
12.34,4.66
11.47,2.99
11.02,1.82
10.39,-1.33
6.28,0.11
6.81,3.25
7.34,3.96
13.34,5.50
14.84,5.54
15.15,6.30
14.65,1.25
8.09,-1.97
7.56,2.51
6.22,-0.37
10.95,-1.67
9.35,-0.21
14.39,-0.24
8.44,4.67
8.84,4.68
11.10,5.02
10.48,5.24
8.15,3.84
8.52,1.20
8.31,1.04
7.76,1.05
9.25,-0.57
10.21,-1.28
11.24,-2.33
11.51,0.26
10.84,-1.36
13.40,4.18
16.10,4.11
19.82,3.26
20.35,5.49
14.80,5.19
11.99,2.80
17.22,2.70
22.17,8.54
12.29,3.80
13.39,3.22
14.10,1.09
15.39,4.17
19.16,2.75
17.01,5.93
16.55,6.13
15.97,5.82
19.68,6.90
14.54,8.51
15.51,7.23
12.73,2.57
12.82,-0.27
14.57,2.58
13.95,5.61
13.51,3.39
13.37,2.93
19.56,2.58
20.47,11.87
25.05,10.25
19.31,8.62
14.81,5.45
17.65,4.23
18.09,10.41
15.13,6.50
24.62,7.97
22.39,9.40
16.93,8.85
12.62,7.80
14.53,4.55
12.27,3.88
14.80,6.33
17.66,8.15
16.24,6.25
15.68,5.97
15.22,5.69
19.98,6.53
16.71,5.83
19.86,3.09
15.65,7.90
15.23,8.04
16.21,8.19
16.14,6.09
18.28,5.26
14.09,6.90
18.81,6.65
17.18,9.40
19.16,11.81
18.31,8.00
20.57,5.38
30.16,10.44
23.58,8.56
20.90,6.43
18.29,6.30
17.73,5.89
21.80,8.06
23.21,6.93
27.10,11.54
28.19,14.46
16.81,10.73
16.21,6.79
16.68,6.80
20.58,5.23
17.90,10.15
16.75,9.53
17.57,10.46
19.41,7.82
16.83,10.02
18.05,10.10
17.57,11.13
23.49,13.00
22.19,14.05
23.76,13.53
22.99,11.33
24.90,13.80
24.20,11.66
28.53,13.85
32.76,17.35
30.52,18.48
36.28,18.90
29.74,18.78
24.24,13.26
28.27,12.17
19.43,13.17
17.63,11.48
18.98,10.24
24.47,8.80
19.22,15.10
21.66,15.16
21.11,12.77
22.64,12.13
22.79,14.09
31.60,12.92
24.14,11.68
15.74,11.01
22.04,11.41
25.02,15.08
26.46,14.79
21.36,10.65
24.59,9.38
25.58,13.28
20.37,12.25
20.11,12.98
20.07,13.63
18.02,12.22
18.34,12.34
18.17,7.67
22.51,6.85
23.36,10.04
31.83,13.49
30.15,16.34
24.30,13.78
32.02,13.76
24.34,16.63
22.66,13.22
25.40,11.28
26.84,16.03
25.64,16.62
22.88,16.82
26.07,14.12
30.25,18.19
25.59,17.97
25.83,17.45
22.72,17.54
17.92,14.89
17.26,13.82
23.36,11.89
25.93,11.74
26.12,12.02
24.27,12.32
24.90,15.94
21.63,14.93
26.11,14.03
21.55,13.52
20.33,12.13
23.42,9.13
23.48,13.21
28.67,17.18
21.52,12.61
19.76,11.21
19.73,10.38
17.47,10.40
16.66,10.23
18.20,10.74
19.26,10.05
19.49,6.73
19.82,6.33
20.22,6.64
17.32,10.61
20.64,13.05
21.21,15.30
18.08,13.93
15.81,10.77
17.39,11.40
19.58,13.22
19.50,11.81
17.10,11.12
17.06,10.33
16.76,10.54
16.30,9.53
16.25,8.68
17.74,10.13
17.13,7.63
18.04,5.60
17.21,4.89
17.28,5.30
17.29,4.38
17.26,5.23
17.56,2.58
17.84,3.74
19.05,4.37
18.32,6.76
19.51,6.56
15.00,11.78
14.21,12.87
16.19,10.39
11.76,6.06
11.98,3.49
10.91,2.19
9.15,0.90
7.58,2.10
6.85,4.93
8.85,6.16
8.81,6.81
8.85,7.20
9.01,7.57
12.61,3.33
11.41,3.54
12.13,8.23
13.05,9.56
15.27,7.06
13.55,8.69
14.67,3.87
13.72,2.30
12.17,4.48
10.36,5.37
12.69,5.24
13.61,6.98
13.13,5.51
14.72,2.68
7.84,4.98
5.36,1.71
12.10,1.33
15.42,6.72
15.03,11.99
17.60,14.12
15.13,9.88
15.36,11.19
16.33,11.85
15.47,12.01
14.99,10.04
14.55,6.33
9.16,5.91
13.38,7.64
13.04,9.71
14.02,9.50
13.57,9.97
11.91,8.62
9.28,5.95
6.06,-0.24
1.65,-0.51
4.57,-0.80
4.90,1.75
5.91,2.19
8.50,1.36
6.54,2.42
7.63,2.69
10.70,4.80
7.27,3.10
9.70,3.50
11.16,9.31
11.55,7.05
9.86,6.67
9.19,7.72
11.79,7.08
10.84,8.39
13.22,7.17
9.79,5.09
8.13,4.42
7.60,4.27
8.38,3.90
10.81,-1.26
4.88,-1.32
7.30,3.77
11.26,4.03
13.38,11.15
13.42,11.35
13.69,10.34
13.74,10.27
11.62,8.89
13.71,8.09
13.70,6.41
12.54,5.48
11.53,6.51
14.37,11.44
12.25,5.37
6.59,1.84
6.32,4.68
6.41,1.04
7.08,0.82
6.35,1.37
4.29,-5.17
-5.06,-7.51
-6.36,-8.40
-4.38,-6.95
-4.14,-6.58
-2.50,-7.55
4.33,-2.49
4.00,-0.56
6.04,-0.28
4.45,0.29
6.46,2.39
4.51,0.02
3.58,0.84
2.25,0.58
1.16,-1.11
-0.40,-6.30
-1.18,-7.44
-1.02,-8.12
1.87,-6.30
-3.12,-7.87
-0.57,-7.83
6.17,-2.35
7.39,4.78
10.99,7.37
10.93,7.74
11.45,8.30
10.53,3.85
9.68,3.82
9.86,1.98
6.44,2.18
11.51,4.92
10.80,6.41
7.27,2.29
3.81,1.43
8.91,1.36
10.67,5.69
12.37,6.60
10.26,5.50
8.27,0.48
5.49,0.88
7.03,2.81
4.54,-0.23
4.05,-1.10
2.75,0.19
2.34,-1.69
3.94,-4.61
3.40,-4.05
1.89,-1.48
3.76,-1.63
7.12,1.18
11.20,6.17
10.97,3.99
7.67,1.92
5.49,0.05
4.74,-0.86
3.94,-0.45
5.81,-2.89
6.55,-4.90
3.68,-4.20
3.73,-4.97
8.59,1.15
6.98,-0.52
6.97,-1.39
4.47,2.81
6.32,2.18
6.81,0.51
6.52,-1.08
8.99,-0.70
7.67,-1.63
5.86,0.56
6.09,0.60
3.55,-2.34
8.01,-2.40
9.02,3.03
10.16,-0.77
12.02,-2.47
7.80,3.25
7.94,-0.40
8.85,3.87
8.73,5.21
9.82,4.30
10.25,1.11
10.47,-1.74
8.32,5.75
15.30,3.40
11.60,6.82
13.42,5.16
10.81,4.14
11.41,4.09
11.18,2.20
12.25,-0.12
16.06,2.55
20.73,7.62
21.48,10.40
13.62,8.12
13.88,6.14
11.97,4.85
11.72,3.73
14.07,0.93
15.81,6.16
14.50,3.92
16.16,7.23
14.70,7.76
15.42,5.67
12.01,5.13
15.63,5.08
11.54,3.70
11.21,3.21
11.88,6.68
11.65,2.71
14.31,0.68
11.57,2.77
10.21,1.60
6.77,0.35
5.31,-0.26
6.65,1.11
7.75,0.91
10.83,2.54
12.99,2.18
9.85,3.21
15.69,1.85
20.52,3.13
13.89,5.05
15.96,4.28
18.55,2.74
24.06,8.06
25.50,12.28
24.73,12.67
25.67,11.09
24.67,12.96
25.59,12.60
23.63,11.30
22.43,8.56
13.08,6.28
13.06,5.38
14.14,5.35
12.82,6.39
20.06,6.57
23.28,8.96
18.07,12.77
23.46,12.79
29.21,14.41
22.17,14.30
14.87,10.96
14.51,10.69
14.64,12.35
19.22,12.11
22.75,10.84
20.70,13.04
27.84,14.92
25.88,16.34
25.18,15.67
24.35,15.29
26.37,14.97
27.47,14.42
28.57,13.03
27.01,15.09
27.63,12.96
18.41,12.41
22.27,10.27
19.45,9.88
21.30,9.00
14.82,11.24
20.08,12.38
20.93,13.23
21.33,11.53
21.04,10.97
20.32,12.70
21.05,11.36
17.54,8.11
23.11,7.58
22.69,14.39
25.65,16.18
32.53,16.07
26.85,18.42
20.61,14.11
21.14,13.09
22.41,12.34
20.16,12.77
20.84,12.84
20.72,14.44
22.01,16.73
19.48,9.79
19.74,10.53
22.27,10.95
22.54,13.02
19.01,11.18
21.56,10.00
21.02,14.60
22.83,13.92
28.14,16.48
22.99,17.48
21.86,12.43
19.03,12.07
19.40,11.97
17.99,11.30
20.47,10.39
22.22,14.65
22.79,14.48
26.32,15.37
29.35,15.12
29.82,19.65
27.45,17.37
27.23,17.29
29.85,18.77
28.05,18.50
24.10,15.63
24.29,16.33
25.01,16.43
24.08,16.27
21.74,14.46
20.72,13.63
19.87,11.98
20.62,10.17
20.64,15.51
22.80,15.93
22.42,14.21
22.53,13.66
25.13,13.01
21.92,12.38
18.02,10.73
17.52,9.69
14.12,8.29
20.40,13.32
21.00,14.87
20.78,11.91
21.09,10.34
21.71,8.76
22.91,7.59
19.96,8.20
24.13,8.04
23.80,12.99
21.86,12.14
21.26,15.07
24.19,14.53
30.63,13.47
32.86,18.17
32.79,16.97
26.33,15.64
31.67,16.51
21.40,12.45
22.60,11.44
26.50,11.11
23.89,11.46
23.11,11.29
21.53,15.91
20.65,14.86
21.07,11.11
24.18,10.20
25.93,12.37
28.95,13.36
23.96,13.04
27.37,12.47
24.23,15.62
29.20,15.64
31.73,18.81
29.93,16.46
26.94,15.87
20.86,14.16
21.16,15.29
18.58,9.81
19.38,7.16
19.34,10.17
20.25,11.45
20.29,10.06
22.13,9.53
21.77,6.90
24.54,10.05
20.61,13.14
22.14,10.45
21.81,15.24
22.76,13.29
18.69,11.10
16.31,7.77
17.53,8.39
16.86,6.98
16.42,9.25
13.59,7.30
11.26,8.66
11.75,7.26
12.95,3.17
10.03,3.15
12.87,2.47
11.00,8.71
11.75,7.13
10.04,6.49
10.96,6.28
10.81,7.27
14.90,10.05
12.90,9.69
16.04,8.98
9.88,5.16
9.03,5.63
9.61,6.90
10.19,5.69
11.54,5.30
8.43,3.14
10.61,0.06
9.68,0.53
13.90,8.81
13.73,8.11
13.54,8.12
13.22,6.83
13.24,8.54
11.76,5.93
8.84,0.55
8.41,-1.75
10.41,4.77
7.15,3.68
7.10,3.72
5.06,1.30
1.38,-2.87
1.03,-5.61
1.65,0.53
5.21,-2.80
-0.14,-4.33
2.26,-3.78
4.24,-5.16
10.42,2.49
11.82,5.43
10.81,6.71
10.81,4.00
8.03,2.36
12.65,1.72
15.63,9.33
14.52,8.88
12.83,3.07
7.19,-1.44
1.82,-2.44
6.71,-1.86
8.48,-1.41
3.97,-6.08
2.16,-7.57
6.42,-0.18
8.76,6.10
8.15,-3.55
4.85,-5.55
2.54,-5.68
2.70,-6.64
3.49,0.15
7.61,-0.37
9.30,6.22
10.48,6.55
10.76,7.59
8.65,6.19
8.05,4.64
7.31,5.34
7.47,3.56
3.84,0.44
1.41,-0.34
6.12,0.93
8.06,5.51
6.54,2.55
3.28,0.08
5.70,-0.73
5.82,3.00
7.56,4.50
8.31,3.93
11.51,4.46
11.69,3.14
8.85,5.24
7.96,5.51
5.66,-2.68
4.15,-2.79
3.43,-0.74
4.22,1.04
3.30,0.03
7.59,2.14
5.85,-0.97
-0.78,-8.02
-2.70,-10.13
1.28,-4.00
2.74,0.63
2.62,0.67
3.67,1.71
6.72,2.54
5.29,1.75
3.46,0.30
3.10,0.32
2.99,-5.65
1.45,-7.13
1.45,-8.11
-0.43,-4.45
1.98,-2.42
2.09,0.15
3.61,0.71
2.21,-1.41
1.07,-1.34
0.86,-0.80
0.76,-2.11
3.04,-1.59
3.89,-2.88
2.86,-3.73
6.12,-1.98
4.05,0.39
1.85,0.86
2.37,0.27
4.18,0.95
4.29,0.59
8.40,2.63
3.53,1.05
4.86,0.37
1.12,-1.53
-1.51,-3.76
-1.26,-4.78
-1.16,-5.06
-0.73,-2.67
1.06,-2.90
3.49,-4.49
5.16,-5.49
10.71,-4.32
9.57,-1.47
6.69,4.35
4.98,1.93
6.38,3.83
9.98,5.75
10.18,4.82
9.81,5.66
9.50,4.39
6.88,1.20
5.95,-0.04
9.70,5.60
12.44,8.93
9.48,3.13
7.51,2.51
7.16,3.06
10.68,3.17
14.51,3.59
11.27,3.95
7.39,3.07
3.80,1.27
9.32,0.96
9.55,5.01
10.17,3.87
10.80,2.92
9.40,1.06
10.42,-0.08
13.97,4.53
12.18,4.82
15.24,3.59
10.47,4.82
9.08,2.19
10.47,0.58
12.16,8.09
11.79,3.44
12.97,3.05
8.11,2.19
13.73,-1.32
12.65,0.01
13.21,2.43
18.09,0.77
20.27,1.88
12.19,9.15
20.57,10.61
22.86,11.12
19.19,8.82
17.38,7.86
14.58,4.98
14.75,2.32
12.34,1.64
11.54,3.92
11.09,6.84
13.62,5.71
20.43,2.16
14.76,5.28
12.00,4.45
10.13,6.30
11.62,5.26
12.06,4.11
11.33,5.18
11.68,3.22
10.47,2.10
7.69,0.21
7.99,-1.70
11.13,-2.18
14.50,6.10
9.78,3.92
9.96,3.39
12.11,3.20
8.94,2.02
10.80,0.58
11.03,-0.76
11.93,2.74
11.01,2.15
14.76,2.21
16.90,6.08
13.79,7.87
15.06,8.15
10.60,6.46
8.32,6.42
15.81,7.65
18.92,4.34
12.80,1.72
12.96,0.16
10.72,3.48
19.04,2.41
20.24,10.96
20.49,11.10
22.17,9.52
20.35,10.98
18.19,12.77
27.94,15.45
27.26,13.46
22.35,11.30
19.45,9.23
20.73,6.83
22.47,9.84
25.33,10.74
17.15,10.02
18.99,10.70
23.85,12.75
27.64,11.64
28.04,13.55
25.85,12.63
25.69,16.26
19.27,9.20
19.75,7.74
24.61,5.18
19.79,13.89
20.03,11.45
21.83,9.51
24.05,11.88
14.98,11.33
18.81,11.78
24.98,11.49
22.36,10.63
27.25,13.48
19.52,13.86
18.50,12.92
21.62,12.34
26.23,11.26
19.36,13.09
21.17,12.38
25.75,14.47
29.56,14.55
23.67,11.70
21.73,9.24
26.36,12.66
22.25,15.13
19.66,14.64
19.59,14.07
19.44,9.80
20.99,7.87
25.30,14.48
23.73,15.79
16.13,13.80
19.59,13.82
19.46,11.36
22.56,10.85
19.80,11.22
20.00,12.06
24.44,11.46
25.92,17.00
22.38,11.94
23.28,9.04
18.18,13.84
23.52,13.75
16.98,11.82
19.12,10.13
21.88,8.50
20.91,12.10
19.40,12.80
21.55,11.92
22.71,10.12
26.82,12.85
24.09,17.72
22.71,15.82
20.67,16.51
22.03,13.23
21.25,12.25
18.39,13.69
23.67,13.46
22.90,13.09
20.95,12.39
21.52,14.90
27.20,14.93
25.91,15.02
24.38,15.15
24.33,13.59
26.51,16.38
22.44,15.51
21.09,13.70
21.94,11.20
24.72,10.42
23.59,12.95
21.95,12.47
21.90,10.43
16.11,14.23
17.93,13.74
19.92,9.51
23.39,7.35
27.78,16.00
23.22,12.18
24.83,12.21
20.35,15.03
20.10,12.30
18.93,11.87
19.49,10.70
19.83,9.08
22.00,6.68
23.14,13.27
22.56,11.47
23.49,10.53
21.91,11.97
23.26,9.20
27.77,12.37
26.47,16.37
19.86,11.31
19.95,8.64
20.48,8.93
20.25,6.66
21.28,6.93
23.43,8.14
20.15,11.93
18.30,11.75
15.17,12.88
17.24,11.24
19.02,9.69
19.17,12.64
18.17,11.10
17.07,10.61
17.32,10.53
17.21,9.56
14.79,8.24
16.40,6.85
16.72,7.39
17.09,9.31
16.11,11.03
19.42,11.73
18.61,12.24
19.73,8.89
18.47,11.93
19.47,13.35
17.71,12.82
17.66,13.09
15.71,12.27
21.95,14.12
16.77,12.22
17.87,10.47
17.60,11.36
16.54,10.98
13.27,10.50
14.24,9.27
15.45,9.10
12.36,9.96
14.87,4.03
14.25,2.30
15.67,10.43
15.73,13.35
15.74,9.78
16.83,8.80
16.77,13.44
22.58,9.51
22.15,14.00
19.11,11.04
16.09,9.04
16.59,9.26
15.41,11.41
13.71,10.96
11.96,8.45
11.99,9.39
15.71,10.02
16.65,10.07
14.39,9.93
14.33,9.33
12.61,9.31
12.17,6.41
10.82,2.47
9.64,5.94
12.99,9.03
13.26,6.83
10.35,5.04
13.04,4.86
13.07,4.87
11.06,0.13
5.14,-0.58
9.72,4.99
9.36,6.57
9.92,4.38
7.57,2.66
6.52,2.61
9.37,-0.95
7.72,-0.63
9.98,7.41
9.43,7.87
9.64,2.21
7.16,3.41
8.02,3.06
5.95,3.33
10.04,3.98
10.83,8.79
14.63,7.50
8.14,3.61
5.03,1.83
5.59,1.55
6.71,2.66
7.16,4.45
4.74,3.10
3.30,2.05
2.70,0.57
1.86,-1.85
4.96,-0.03
6.78,4.02
7.94,6.68
7.79,6.44
7.54,4.77
6.15,0.22
2.71,0.14
1.39,-1.62
0.27,-1.29
1.39,0.17
3.06,0.28
3.68,0.79
3.18,1.19
3.83,1.07
2.13,-1.17
3.89,0.59
5.49,2.05
6.62,4.83
7.29,4.77
5.83,4.17
8.50,3.32
9.13,7.38
8.64,5.87
6.95,3.01
6.16,2.51
4.23,2.14
3.43,0.44
9.00,1.32
11.35,5.60
8.95,3.15
5.77,3.11
7.98,3.92
8.03,5.03
8.03,3.57
6.09,1.71
1.80,-3.66
0.12,-5.53
2.75,-2.64
4.87,-0.15
2.84,-1.47
2.25,0.65
1.19,-0.87
0.66,-2.72
4.19,-2.74
5.20,0.89
2.62,0.17
3.10,0.04
2.50,0.29
2.08,-1.26
0.51,-3.58
1.07,-0.69
7.46,0.72
13.19,7.38
8.22,5.70
6.73,4.31
6.61,3.84
10.09,5.09
10.11,4.84
5.98,2.19
8.87,1.62
3.65,0.55
3.53,1.22
1.27,-1.41
1.05,-1.86
1.66,-3.12
-0.81,-5.98
-0.02,-7.24
0.81,-7.77
1.74,-6.78
2.32,-6.24
4.28,0.20
4.19,-1.26
4.62,-2.56
4.65,-4.33
2.63,-0.67
5.30,-0.15
5.01,-1.42
5.26,-2.10
5.40,-1.80
3.77,-3.10
2.96,-3.77
2.40,-3.36
0.52,-4.05
1.52,-5.02
-2.79,-7.14
-2.23,-8.29
-2.80,-10.40
-7.45,-13.79
-4.27,-12.05
-4.87,-12.30
-2.69,-11.75
1.50,-9.34
10.02,-0.25
6.35,-1.69
2.54,-0.06
9.04,0.05
8.18,0.27
8.37,0.61
15.26,7.14
10.85,5.96
8.21,3.37
4.79,2.44
4.23,1.07
1.42,-3.44
-0.22,-4.62
0.93,-5.63
4.01,-5.91
5.85,-2.72
5.37,-4.14
6.05,0.60
7.05,0.95
9.13,3.48
10.19,4.00
5.41,-0.76
9.25,-0.70
4.65,-0.02
5.05,-1.62
8.96,-2.23
2.72,0.17
5.27,0.20
8.58,-1.79
16.66,6.00
16.38,9.42
10.98,2.78
12.98,0.73
18.93,4.33
23.48,7.00
20.94,8.18
18.92,5.96
11.71,4.69
17.97,4.18
17.56,9.10
9.61,7.96
11.53,4.80
18.11,6.96
18.59,3.58
23.33,8.31
25.45,11.16
26.73,11.31
18.57,6.78
22.26,4.29
17.68,7.48
11.98,7.71
14.10,5.33
11.44,4.97
15.23,4.03
17.23,6.78
20.11,8.17
17.50,8.74
11.86,3.64
17.09,0.18
15.30,4.14
17.33,2.71
19.44,3.98
23.21,6.62
24.54,8.49
25.87,11.41
27.40,11.69
26.33,11.29
18.77,10.47
21.96,12.36
26.53,13.20
26.66,13.44
23.61,10.84
25.01,10.93
14.79,9.76
12.85,9.55
18.80,9.78
21.92,9.36
24.10,8.69
24.56,10.91
24.38,12.42
25.68,12.14
26.53,12.37
26.42,11.35
24.58,12.03
28.56,17.04
31.22,18.33
29.54,17.13
29.36,15.35
29.46,16.72
19.47,16.98
22.35,14.57
17.83,14.03
23.97,13.44
25.06,12.20
27.49,12.41
29.15,14.38
28.42,18.24
22.75,14.12
21.34,12.11
16.69,12.50
17.57,10.06
22.11,9.64
22.54,13.17
24.47,12.56
21.75,13.25
21.20,12.42
20.91,12.48
26.26,11.38
16.36,9.04
17.27,7.85
15.12,9.87
15.51,10.48
17.20,11.27
22.36,12.45
24.67,11.60
25.68,12.71
26.18,12.54
23.28,11.67
22.58,10.62
24.42,9.75
25.01,9.91
26.90,8.22
22.16,12.54
21.89,11.80
21.42,11.05
23.42,11.36
20.75,9.89
19.01,11.19
19.14,13.07
25.46,14.34
22.30,12.49
20.34,10.48
24.09,8.45
27.00,11.58
29.65,13.20
23.87,13.16
24.49,12.20
25.19,12.24
25.74,12.74
28.04,13.76
27.19,12.10
32.19,14.60
33.65,18.69
32.94,17.47
31.71,19.42
31.68,16.78
28.74,12.96
30.92,19.15
33.33,19.38
28.12,17.00
30.75,16.29
32.77,17.13
29.28,17.18
23.20,13.30
30.44,11.33
35.11,14.00
30.92,16.83
30.14,14.04
22.54,12.71
20.14,10.57
22.54,10.27
27.98,15.25
23.44,15.41
23.19,14.79
28.43,14.21
21.25,11.50
24.92,9.09
26.41,12.32
23.03,14.92
24.66,12.68
29.68,10.76
27.35,13.88
21.64,9.91
15.55,8.47
19.69,8.26
20.77,12.63
21.10,11.32
26.13,10.47
18.34,9.70
19.91,7.89
21.80,9.46
22.50,8.34
27.56,15.62
24.12,13.36
23.18,11.43
25.05,13.38
20.38,8.30
20.04,8.75
23.54,12.43
22.26,14.32
23.08,14.89
18.36,11.56
18.85,8.52
19.99,5.79
19.57,10.67
21.66,8.83
24.96,9.53
30.96,11.71
26.81,13.84
25.50,16.61
24.23,9.21
15.91,9.01
12.41,7.54
12.03,3.93
14.85,2.95
16.81,7.42
21.56,13.24
15.69,5.32
14.60,2.13
15.27,3.76
12.35,5.75
11.34,4.68
13.97,7.82
15.32,7.40
20.81,9.57
21.20,7.74
14.11,3.58
15.14,2.85
18.44,5.61
21.18,5.28
21.91,11.11
24.50,10.49
27.39,12.74
24.65,9.29
25.20,8.99
19.53,10.49
23.70,10.01
14.46,4.41
12.72,2.78
13.95,2.21
14.85,7.29
13.56,5.98
12.30,6.55
13.15,9.18
12.46,8.51
11.57,6.99
8.39,2.04
5.92,-0.42
5.46,2.62
10.05,3.95
11.22,5.98
9.52,4.54
12.22,2.65
9.76,-0.61
9.61,0.13
11.22,7.71
13.47,5.82
16.13,4.41
13.46,4.34
11.21,3.62
12.25,6.13
14.15,10.16
12.94,8.99
11.25,7.82
10.49,6.64
9.70,2.11
8.81,2.46
5.10,-1.01
6.63,-2.50
6.17,2.60
3.87,2.05
2.26,0.28
1.56,0.25
2.25,0.72
2.60,1.39
4.52,1.92
4.60,0.39
1.77,-3.16
1.33,-3.86
6.84,0.57
8.64,4.48
8.67,5.31
11.58,6.69
11.98,6.68
6.96,1.11
4.56,-0.85
10.98,3.12
11.10,5.78
8.16,5.19
8.61,4.50
5.57,2.68
5.49,1.83
4.28,0.60
2.42,0.39
1.93,-0.59
0.09,-1.28
-0.15,-2.17
5.17,-0.90
6.38,1.18
5.39,1.05
6.55,3.81
10.58,5.55
7.18,5.58
7.23,5.07
5.07,0.57
6.45,3.21
7.42,4.54
5.70,4.40
7.21,5.38
7.97,5.36
8.46,5.69
8.71,5.67
8.07,3.32
4.67,-1.84
3.53,-4.14
7.12,-0.79
7.50,5.56
6.35,5.03
7.55,5.30
7.46,2.74
3.61,1.33
2.41,0.28
7.36,0.77
6.72,4.43
8.39,4.48
4.51,1.44
7.12,2.42
7.08,4.02
5.15,-0.85
1.41,-3.86
2.96,-4.15
-2.39,-6.43
-0.55,-8.33
0.64,-4.34
-4.11,-7.11
-3.19,-6.90
-0.69,-4.28
5.30,-0.69
5.64,2.69
2.98,-1.52
1.97,-1.74
2.03,-2.37
3.25,-2.36
-0.16,-3.07
1.85,-2.65
3.95,-1.21
3.56,-2.21
4.23,1.11
5.78,1.27
8.72,3.08
8.35,5.12
9.60,6.05
8.41,0.97
6.55,2.67
7.20,1.81
7.68,5.33
11.20,2.25
15.89,-1.25
13.35,3.78
14.50,1.71
14.98,0.87
8.44,3.68
8.99,5.37
9.94,6.46
7.22,-0.15
7.91,-2.07
14.15,-2.07
14.90,-1.73
14.64,0.26
16.49,-1.19
7.33,3.09
6.14,2.83
7.61,3.43
10.49,7.28
11.67,5.85
7.71,2.13
11.04,1.91
13.12,6.52
8.75,4.56
9.39,4.05
7.27,1.78
5.98,0.58
7.61,0.95
7.31,4.04
6.63,4.55
10.94,5.07
9.74,4.12
10.10,3.85
8.03,2.43
8.90,-0.26
10.40,0.08
11.69,8.60
17.39,8.36
10.95,4.01
10.18,2.51
8.38,2.09
8.44,3.46
10.06,5.43
11.28,6.90
15.30,5.48
17.87,2.87
10.65,1.26
11.06,-1.23
14.34,2.08
12.10,7.22
10.90,4.08
10.47,6.66
20.68,5.14
19.59,7.00
15.17,3.75
10.28,0.45
9.46,-1.63
6.47,1.55
7.31,-0.09
7.06,-0.05
7.12,0.13
12.90,2.55
14.75,0.56
17.66,3.25
20.25,5.17
22.05,6.02
18.60,5.89
20.93,3.61
20.60,6.38
20.50,9.74
23.77,11.56
22.45,7.84
17.14,9.21
18.15,7.25
12.69,5.25
16.84,4.19
18.37,2.11
11.50,7.49
13.37,5.28
10.61,2.57
9.43,-0.02
11.81,-1.27
9.41,1.30
11.99,0.86
14.67,1.92
17.73,8.42
12.45,2.48
14.95,2.78
13.78,3.70
14.53,2.39
14.84,3.00
16.18,1.79
11.78,8.22
16.37,9.19
22.59,10.20
23.04,11.24
20.86,11.25
16.23,10.69
14.67,6.08
19.60,4.55
22.10,7.37
14.10,6.95
19.70,6.48
17.59,10.44
16.20,6.26
16.00,4.04
18.24,8.06
23.06,13.15
24.38,12.27
29.20,11.58
23.37,13.62
23.17,13.31
28.24,17.51
21.97,10.70
23.12,9.03
18.44,12.23
22.38,10.79
23.22,13.21
22.53,14.70
19.28,12.47
22.85,11.75
27.05,11.36
22.18,12.35
23.08,10.33
25.11,10.69
27.87,16.01
30.30,15.85
22.81,14.69
21.61,11.22
22.11,8.62
25.85,13.00
28.37,13.97
31.95,14.97
28.79,14.50
18.15,12.98
22.62,12.33
30.65,9.18
34.06,14.35
24.44,12.41
18.45,8.09
18.33,7.15
19.82,6.48
17.73,14.23
17.24,12.41
16.72,10.81
16.53,10.21
16.75,9.34
20.11,9.38
21.28,12.13
20.17,14.09
22.23,13.59
16.42,12.71
16.85,12.49
19.95,12.88
21.55,11.85
25.92,10.23
24.86,13.85
29.82,13.33
24.19,12.53
24.51,10.34
30.48,14.14
32.90,18.06
34.70,18.49
30.63,16.80
28.42,16.57
29.30,17.08
24.23,16.75
27.59,15.43
27.22,13.62
25.67,12.00
23.32,14.61
25.04,11.86
22.49,12.34
23.89,13.77
26.41,13.54
26.08,12.64
24.59,12.83
23.73,10.29
25.19,15.64
24.74,15.11
25.14,14.37
18.61,10.21
22.12,9.36
19.06,12.54
21.92,14.46
22.13,14.74
17.80,14.42
22.46,13.56
22.74,11.70
21.91,10.16
26.45,9.05
26.84,10.29
29.05,13.91
29.90,15.50
31.79,18.06
32.16,18.28
32.98,18.66
24.77,15.15
25.66,12.66
32.10,12.49
22.81,11.31
19.25,9.50
18.89,11.71
21.79,12.82
17.42,8.48
17.79,7.98
18.93,10.37
18.79,9.08
18.44,8.98
19.29,9.51
20.97,8.02
21.17,14.18
19.49,8.11
19.03,5.62
19.26,9.31
17.19,9.64
14.71,7.63
16.11,7.29
16.32,5.94
16.83,5.17
21.36,7.95
25.49,7.92
20.94,9.27
20.38,11.99
15.22,10.63
18.53,9.61
18.96,13.61
18.44,13.18
15.17,12.42
15.25,10.82
16.72,8.59
12.70,6.52
13.98,6.10
10.76,6.55
13.13,4.92
11.52,2.33
12.16,0.56
15.09,8.06
14.93,8.71
14.14,7.65
15.67,10.00
15.88,10.28
19.81,10.29
18.23,12.21
21.41,9.86
14.59,10.58
15.49,12.46
18.09,9.58
15.24,8.78
13.78,9.47
16.33,10.27
14.52,8.03
14.09,5.28
15.76,11.80
15.48,12.03
18.70,13.28
17.16,7.39
11.66,2.54
10.16,-0.24
8.66,-1.08
7.86,-2.83
6.22,-2.34
14.80,6.22
13.75,8.69
11.98,7.93
10.65,6.89
8.15,3.69
8.23,2.17
9.61,2.79
9.00,2.22
7.95,-0.20
5.58,-1.10
8.12,1.34
5.87,0.68
7.67,1.55
6.81,2.61
6.55,2.09
6.27,-0.87
7.15,4.80
7.95,4.08
4.76,2.50
7.04,1.84
7.75,3.54
7.79,5.36
5.46,3.94
5.02,4.04
8.88,3.82
8.88,6.88
9.84,6.70
6.80,-0.58
5.32,-0.17
2.64,-1.02
6.50,1.12
6.87,2.24
5.39,0.64
3.52,-1.46
7.25,1.99
8.89,7.02
9.80,4.98
6.83,3.48
5.89,2.22
5.54,3.45
4.95,1.33
1.91,0.29
5.37,0.69
8.60,2.21
8.19,2.98
13.30,4.40
10.49,2.74
11.88,1.82
9.24,3.53
9.55,3.77
5.83,2.66
7.89,5.77
6.87,4.14
6.73,3.50
6.32,0.86
3.08,-1.62
0.81,-3.27
4.84,-3.50
8.56,3.49
7.90,0.90
2.08,-2.51
3.60,-3.32
8.00,3.42
6.86,1.37
5.73,0.18
6.22,0.67
7.53,0.75
10.35,6.48
11.33,7.34
11.29,3.93
5.74,0.85
7.87,4.71
7.63,3.37
11.82,5.48
14.00,5.44
9.04,3.71
11.33,4.72
7.12,1.54
6.93,-0.26
6.40,0.45
4.74,2.01
7.12,3.93
5.98,0.02
1.32,-1.57
2.81,0.30
3.01,-0.50
7.42,2.87
6.11,0.46
5.62,2.46
8.59,3.20
11.92,7.81
11.92,6.63
7.94,5.06
9.12,4.75
6.37,2.48
6.22,-1.66
6.08,2.42
5.98,3.39
8.24,0.40
13.09,5.85
8.51,0.46
5.61,0.84
5.77,1.73
3.86,0.28
5.42,1.97
10.97,4.07
17.67,7.79