20050101
4.21
8.58
6.16
8.40
5.40
6.32
8.78
11.04
8.13
8.18
5.90
6.82
5.77
4.08
2.35
3.11
5.97
5.25
5.56
9.57
7.39
4.89
4.47
4.79
3.76
2.73
1.51
1.42
2.10
4.18
7.33
4.61
4.22
2.55
2.56
5.29
4.94
3.95
3.00
3.32
6.68
2.97
8.29
7.39
6.67
4.69
3.93
2.33
4.97
3.43
2.59
4.64
4.59
4.12
2.78
2.52
3.27
3.94
4.42
7.07
3.23
3.24
2.91
4.57
3.44
2.76
3.41
2.70
3.09
7.78
6.82
4.07
4.47
4.09
6.31
7.40
6.39
3.99
3.14
4.25
5.80
2.68
3.13
2.45
2.31
4.46
4.83
5.32
6.51
4.65
4.25
4.20
3.56
3.07
4.21
5.21
6.89
4.56
3.49
3.17
3.63
2.02
2.38
3.07
3.22
4.81
5.24
4.28
6.40
5.47
2.78
1.93
4.16
5.29
5.47
4.18
3.36
2.79
3.49
1.53
2.16
3.55
2.55
4.37
5.99
5.66
3.62
3.95
4.34
3.69
4.56
2.96
2.17
3.53
3.42
4.01
2.82
3.30
4.23
5.52
3.05
3.34
3.10
3.63
3.96
4.74
2.06
4.51
3.39
2.59
5.72
3.73
3.22
3.94
6.06
4.89
5.65
5.79
3.00
2.87
4.66
4.79
3.60
4.39
2.91
1.82
2.97
5.32
4.35
1.67
3.36
4.51
3.83
1.75
2.10
2.90
3.02
2.95
4.01
2.79
2.91
1.94
1.71
2.24
5.73
2.77
3.61
2.49
2.30
2.21
2.71
3.22
2.89
3.27
2.07
4.60
4.71
4.02
1.98
4.51
5.69
6.89
4.96
4.07
3.42
2.94
2.72
2.48
2.02
2.55
3.37
5.81
5.25
2.92
2.20
4.19
4.18
4.19
3.75
2.36
4.87
5.81
5.77
4.12
3.05
2.74
2.69
2.37
1.69
3.32
4.31
2.63
3.12
2.65
3.05
2.63
4.80
4.86
3.33
2.55
3.68
1.65
4.23
4.95
2.23
2.60
1.99
3.22
2.66
2.33
3.21
3.34
4.26
4.06
3.79
1.69
4.68
3.80
3.02
1.88
2.30
1.48
1.55
1.58
2.86
2.82
1.55
2.36
1.89
3.84
3.53
4.09
3.72
3.71
1.99
1.43
2.94
3.72
2.84
3.66
3.08
2.28
3.10
4.08
3.90
2.82
1.28
2.23
2.87
3.28
3.70
5.29
3.96
3.45
6.20
3.08
3.55
7.81
5.64
3.26
5.06
3.75
3.21
4.02
3.53
4.12
5.17
3.74
5.25
5.23
3.94
4.65
3.40
4.82
6.10
4.97
1.30
3.58
5.41
2.78
2.01
1.35
1.79
3.06
1.89
1.02
1.67
5.30
7.34
5.13
2.73
1.72
3.55
4.43
4.12
5.99
4.82
3.32
3.70
3.14
2.08
2.83
1.80
2.87
4.19
3.51
3.26
4.01
7.50
6.95
3.40
3.87
4.08
4.30
3.37
3.92
3.86
5.55
2.08
2.69
4.58
2.79
4.71
5.80
4.56
3.04
2.03
1.41
2.42
5.11
5.65
4.83
4.65
3.12
3.91
6.41
3.12
4.87
3.38
3.40
3.39
4.15
3.08
3.79
4.24
4.32
4.18
4.39
3.77
3.57
4.39
2.63
1.27
1.17
3.14
4.50
3.39
2.98
1.90
2.88
2.05
4.08
5.92
6.89
7.45
4.11
1.76
1.86
2.52
3.61
5.31
3.22
3.88
3.16
1.60
3.86
5.95
3.98
1.66
5.21
4.77
3.07
2.25
4.05
4.74
6.73
4.30
4.73
3.23
2.89
2.28
5.54
4.19
4.64
5.17
2.90
1.87
3.01
3.77
4.63
4.28
2.46
3.94
3.97
2.24
2.49
1.71
5.33
3.92
3.98
4.75
6.20
5.37
4.87
5.57
4.22
4.65
4.99
5.54
5.29
4.69
4.47
5.83
6.34
4.58
3.65
4.30
5.30
5.92
3.36
3.62
4.75
3.76
3.82
2.58
2.52
3.23
2.28
1.81
3.16
2.20
3.68
3.91
3.09
3.49
4.61
3.45
4.00
4.92
5.84
4.45
4.20
4.66
4.34
2.76
2.55
1.91
2.32
4.44
2.52
5.06
3.12
5.09
6.20
6.14
4.63
5.84
6.43
6.21
3.60
3.24
3.02
7.44
5.02
4.98
5.40
4.16
2.66
4.02
6.08
3.30
2.51
2.54
2.17
2.12
2.45
3.99
3.62
2.48
2.88
2.60
2.56
2.36
2.09
3.29
2.78
4.24
5.53
2.76
2.28
3.05
4.24
4.27
2.66
2.39
2.81
3.06
4.06
4.01
3.69
2.87
2.29
2.74
2.57
4.59
3.37
3.01
2.09
2.93
4.73
3.02
2.78
1.92
2.90
2.08
3.09
3.91
2.03
4.03
2.76
2.28
2.08
3.11
2.22
2.47
2.22
3.31
3.95
4.73
2.74
1.95
3.32
3.90
4.79
4.83
3.28
3.20
2.37
1.69
1.97
5.88
5.56
2.27
2.37
2.39
2.79
3.87
3.90
3.70
2.88
2.75
1.67
1.65
3.45
4.19
3.42
4.76
4.69
4.21
3.54
6.79
7.02
4.43
3.16
3.85
5.72
2.16
2.85
3.36
3.41
3.12
3.35
5.31
4.95
3.15
2.27
3.64
3.35
3.43
4.38
4.21
3.48
3.25
2.28
2.31
2.66
2.31
2.08
2.90
6.73
4.17
3.25
3.88
7.08
6.53
4.57
2.65
1.24
3.63
2.11
2.47
2.98
2.81
3.89
3.69
2.55
3.05
3.38
4.19
5.64
5.24
6.18
3.52
6.11
5.92
4.04
4.71
3.12
7.14
8.22
2.91
2.02
3.48
5.98
5.36
4.21
4.68
6.18
3.48
6.03
5.76
5.58
4.85
4.72
4.46
4.23
3.93
2.59
6.03
4.06
4.98
5.46
5.51
6.15
4.13
2.91
3.39
3.35
3.69
4.75
5.81
5.76
6.76
8.07
7.35
8.30
7.69
5.64
3.74
8.06
5.52
6.59
8.17
6.70
4.87
4.44
1.29
1.96
3.69
2.05
2.57
1.72
2.87
1.62
2.02
3.04
2.94
3.28
6.66
8.70
8.06
5.00
5.31
7.70
6.08
3.20
4.66
6.37
8.15
8.80
9.80
8.96
8.10
8.36
5.55
5.80
7.38
8.42
6.94
7.34
7.95
5.41
1.56
2.12
2.49
6.50
5.45
7.99
5.84
6.00
7.60
3.65
5.15
5.82
4.43
4.03
3.46
2.82
3.94
4.83
6.80
5.99
3.46
3.10
3.53
2.81
6.83
7.08
2.89
2.11
2.25
4.77
3.12
6.40
5.94
4.93
5.65
5.41
5.78
5.99
5.48
2.75
3.09
5.86
6.11
4.39
3.77
4.17
4.27
4.37
2.45
2.42
3.29
2.62
4.42
7.39
9.19
5.71
3.47
4.20
5.44
6.97
5.86
6.03
5.48
5.23
3.87
5.05
4.15
4.82
4.73
2.37
4.22
2.70
6.71
4.76
4.28
5.64
5.79
5.86
4.49
2.64
4.23
3.91
3.64
2.78
4.15
5.62
6.61
5.60
1.68
4.12
2.33
1.82
3.96
3.33
2.61
3.35
5.17
3.02
2.22
2.52
2.64
2.72
2.35
3.08
3.14
5.23
5.83
5.64
5.17
3.38
4.31
6.37
3.87
4.05
5.61
4.02
3.94
2.94
2.40
2.82
2.74
1.55
2.25
2.47
3.53
2.75
4.75
3.81
2.96
3.28
2.73
3.99
2.93
2.41
1.80
3.31
3.65
3.61
3.25
1.92
3.67
3.02
2.94
3.91
2.44
3.85
1.85
2.17
3.41
1.79
2.69
2.57
3.68
3.74
7.14
7.86
4.92
4.99
5.10
3.37
2.78
4.12
3.03
5.21
6.21
6.10
4.87
2.05
2.14
4.73
3.83
3.34
4.48
2.49
2.55
4.60
2.86
2.19
4.09
3.33
2.46
2.76
4.08
4.40
3.46
5.43
4.07
3.81
5.78
5.37
2.78
2.61
3.97
2.25
3.30
4.72
2.80
2.20
3.39
3.52
4.98
2.96
2.36
3.46
5.53
5.83
4.22
2.39
2.92
3.05
3.76
2.66
1.69
2.43
3.55
4.81
3.68
3.01
2.27
4.30
3.62
3.69
4.94
4.33
5.17
2.99
4.39
5.45
5.66
5.29
5.07
3.68
3.89
2.91
3.59
5.49
4.71
3.40
4.87
5.13
6.92
5.23
2.57
2.22
4.92
4.24
2.39
5.59
5.95
3.15
4.93
1.52
1.73
2.83
2.79
1.74
1.12
1.04
1.98
1.61
2.04
2.92
5.09
1.76
3.13
3.15
4.39
3.69
4.53
3.23
2.17
3.26
2.83
2.46
4.92
3.47
2.69
1.82
4.60
2.95
2.20
3.73
4.07
2.51
4.38
3.38
3.43
5.26
6.90
5.02
6.90
4.69
3.90
4.60
1.60
3.52
2.27
3.12
2.52
2.88
5.23
3.44
4.20
2.68
3.83
4.86
6.36
5.57
1.97
4.20
6.55
5.16
7.32
7.36
7.29
4.43
7.12
6.37
7.84
6.87
4.95
2.33
2.76
2.51
1.37
1.81
2.37
1.36
3.47
2.97
1.45
1.43
2.43
1.45
1.89
2.95
4.79
4.42
6.06
6.36
7.42
4.13
2.78
1.95
4.41
7.56
7.51
6.07
3.16
6.16
5.87
5.80
7.85
6.18
6.22
4.61
4.67
7.37
7.09
4.98
6.43
5.95
4.20
3.99
4.32
5.24
6.27
7.97
9.21
6.69
3.21
3.99
5.09
8.44
9.11
5.24
6.32
5.22
6.31
5.80
5.12
3.04
1.68
1.36
1.63
2.64
2.42
2.01
2.68
1.22
4.38
5.88
3.52
2.15
5.85
8.97
6.77
5.60
4.55
6.53
7.34
3.75
4.61
10.21
7.60
6.19
5.19
4.85
6.80
4.50
4.19
5.93
6.92
7.37
8.19
8.26
6.01
2.48
3.53
6.60
5.19
3.78
4.70
3.77
4.96
3.54
4.61
4.90
4.56
2.16
4.84
6.13
6.16
3.19
3.91
5.39
4.04
3.85
3.24
2.28
2.04
2.33
2.78
2.70
3.45
3.45
2.59
2.07
2.77
2.63
3.26
5.18
5.22
4.32
6.15
6.07
3.33
3.07
4.70
2.19
3.39
3.74
2.14
4.36
3.28
2.10
1.50
2.27
2.63
2.12
1.47
1.84
2.83
3.23
2.60
1.82
4.42
2.73
2.05
2.29
2.40
3.04
3.03
2.44
2.74
2.91
3.71
4.84
4.61
3.94
6.13
6.30
4.42
4.33
3.13
3.23
2.19
3.26
4.12
4.11
3.53
3.40
2.75
3.39
4.25
5.24
3.87
3.75
3.74
3.29
3.34
2.13
3.18
4.47
3.59
3.31
4.16
6.15
2.38
3.45
3.36
4.66
4.68
3.31
4.25
2.25
4.28
3.01
4.34
2.55
2.00
3.52
4.79
4.92
3.16
4.00
4.41
3.35
3.82
4.14
4.29
3.42
3.94
3.90
4.87
6.63
4.42
2.10
3.22
4.11
3.95
3.34
3.26
3.89
2.14
3.82
3.29
3.87
5.31
6.31
5.14
2.55
3.69
3.96
4.14
5.85
3.76
3.23
7.41
6.22
1.26
1.55
1.44
3.21
4.63
4.99
4.45
2.78
4.01
3.82
2.56
3.57
4.36
4.19
4.78
1.92
4.10
3.43
4.11
5.71
5.84
4.33
4.39
3.49
5.09
2.76
2.54
3.68
6.62
5.16
3.13
3.14
2.22
2.07
1.62
1.36
1.39
2.52
2.80
3.54
3.78
3.23
1.35
1.57
2.49
3.16
6.31
6.61
7.23
4.68
5.15
6.74
1.78
3.44
3.37
2.31
3.30
3.62
2.58
3.05
3.39
4.44
4.20
4.24
4.40
4.92
5.74
5.10
3.03
4.22
4.86
3.41
6.63
3.49
4.16
1.75
2.12
2.33
4.08
3.06
3.48
1.84
4.38
2.90
2.72
2.58
5.35
7.35
7.47
4.76
3.60
6.17
5.62
5.88
1.88
5.53
6.20
7.13
3.79
4.24
3.22
2.78
2.75
4.44
6.66
3.92
2.05
2.85
2.68
4.15
4.06
5.04
3.24
1.91
3.11
4.74
3.08
2.30
2.12
2.71
5.34
4.91
2.49
1.37
2.47
3.54
4.28
7.56
4.73
7.55
3.27
4.35
2.81
2.39
0.93
2.56
3.83
2.66
1.49
2.04
1.73
4.10
2.88
2.56
2.07
3.77
2.51
2.54
2.33
4.77
7.54
5.64
2.22
1.71
5.70
4.00
5.56
6.17
4.88
2.10
5.06
6.13
4.21
3.16
3.27
1.98
2.59
3.27
3.87
3.64
6.21
7.78
4.47
2.04
3.03
2.99
2.28
3.93
3.66
4.67
4.65
2.82
1.85
2.44
3.45
2.74
3.65
1.38
3.41
2.81
2.34
5.62
5.38
2.62
4.90
6.64
4.91
1.99
2.93
3.53
4.29
6.14
3.79
3.08
3.11
4.25
5.50
3.35
4.48
3.81
3.63
3.03
3.89
2.33
6.41
4.50
3.24
2.01
3.79
7.77
7.26
4.24
4.35
4.50
4.84
4.39
3.40
2.70
2.31
2.65
4.15
2.96
3.30
2.80
3.31
3.86
4.24
2.19
4.56
4.49
3.37
2.73
2.38
3.99
5.99
5.90
4.34
3.95
2.22
1.70
3.76
3.01
3.10
5.23
3.29
4.21
3.66
2.04
2.27
2.89
2.60
2.85
4.56
5.34
6.53
3.73
4.75
3.70
2.64
3.30
3.88
4.55
5.31
5.99
3.15
3.52
3.20
2.28
2.46
2.73
3.55
3.44
3.72
2.58
5.51
5.45
7.39
4.37
5.03
4.42
2.92
5.18
6.43
5.29
3.95
3.46
3.00
3.65
3.19
4.49
5.32
7.18
6.06
2.25
3.02
3.58
2.55
4.59
4.48
4.24
2.06
2.21
3.80
5.01
4.54
4.59
4.26
3.28
2.34
1.93
2.28
2.54
2.35
4.01
3.59
2.83
4.39
3.85
5.04
6.37
4.36
3.06
2.99
1.93
2.94
2.52
2.81
4.06
3.67
5.59
3.20
2.87
3.38
3.62
4.47
2.98
3.91
3.32
3.19
5.41
3.38
3.07
3.67
3.43
1.87
1.97
3.11
3.76
3.15
2.30
1.97
3.46
4.57
4.45
2.54
4.79
3.55
3.69
3.60
3.36
4.73
2.89
2.92
2.22
5.17
2.59
3.44
2.74
4.35
4.65
4.28
3.55
4.20
4.57
5.88
8.27
5.95
3.82
2.88
2.65
2.93
3.33
2.44
2.84
4.71
4.18
5.23
3.24
1.85
2.20
2.10
2.22
1.65
4.04
4.38
3.72
2.37
2.02
1.94
4.42
3.88
2.84
4.95
3.36
8.22
6.80
3.09
3.86
3.87
3.05
1.92
3.25
2.62
4.20
2.94
3.64
3.96
5.38
3.70
1.80
3.07
4.56
5.81
5.38
2.32
3.43
4.80
5.51
2.41
1.79
2.33
4.13
4.08
5.44
3.39
3.09
4.66
3.51
4.69
4.59
2.38
4.19
2.74
2.12
2.70
4.38
4.95
5.24
3.81
4.82
8.34
6.21
5.26
3.33
5.53
7.94
6.23
7.62
7.84
6.13
6.27
4.38
1.35
2.11
2.60
4.85
2.51
4.97
4.16
3.82
2.42
2.45
2.80
2.95
2.85
1.92
1.20
1.12
3.45
3.30
3.89
1.99
4.92
3.63
4.95
3.39
4.00
6.01
6.58
6.04
3.45
2.79
5.32
5.74
3.70
1.78
1.70
4.17
4.10
3.09
1.41
3.22
7.33
7.51
3.65
3.58
6.59
5.25
3.52
5.87
3.56
2.05
2.42
3.93
4.21
4.64
4.90
5.17
4.21
1.46
4.71
6.28
3.95
4.47
4.67
4.90
6.15
5.64
3.33
5.31
4.24
3.26
3.39
3.21
3.57
4.45
4.04
3.28
1.17
2.79
4.39
4.00
3.50
3.80
6.57
3.27
3.27
3.39
4.83
4.48
3.87
6.25
5.25
8.03
5.41
4.66
3.40
4.09
4.17
2.39
1.41
1.74
2.12
2.57
5.13
7.04
7.22
4.22
4.06
3.90
3.45
4.81
4.55
5.18
2.73
4.41
3.93
3.41
3.74
3.66
4.53
3.40
4.95
5.14
6.94
5.13
5.16
4.18
3.57
3.59
5.26
3.21
4.96
4.43
4.10
5.05
2.60
4.14
3.20
5.66
3.88
2.64
3.26
3.97
6.32
4.12
2.56
2.02
4.66
3.74
4.21
2.27
3.16
4.66
4.15
2.66
3.55
4.55
2.88
5.61
4.29
1.85
2.21
2.08
2.93
3.33
3.01
3.44
6.36
6.64
3.87
5.26
5.58
4.09
3.90
3.35
4.44
4.29
5.60
1.98
2.14
3.56
2.86
3.70
3.75
3.55
3.40
3.77
3.28
2.06
2.10
4.31
2.66
2.19
2.00
4.83
5.37
3.60
2.40
3.56
2.52
2.34
4.75
4.61
3.92
2.16
2.47
1.86
2.11
3.26
2.48
2.38
2.44
3.05
3.06
2.61
2.78
4.32
3.55
2.92
3.65
2.07
2.71
2.04
2.31
2.99
3.22
3.47
4.92
5.33
3.81
3.13
2.80
1.96
3.41
3.58
2.79
1.58
5.52
4.13
2.07
2.11
3.31
4.42
4.01
4.02
2.72
2.22
2.47
3.54
1.96
2.04
1.85
1.73
1.59
3.27
3.38
1.96
2.38
2.98
3.08
2.69
2.61
5.10
3.73
2.98
3.70
4.15
4.84
7.43
5.85
2.05
3.19
3.32
4.06
3.37
3.51
2.98
2.84
1.66
2.74
3.35
3.74
5.84
6.67
2.67
3.93
4.01
2.19
2.95
6.07
7.27
5.42
5.98
4.86
5.00
5.32
3.36
2.56
2.39
2.36
2.30
2.68
4.07
2.55
2.16
3.55
4.99
5.37
6.20
5.85
4.73
3.87
2.32
3.96
4.41
3.16
1.69
1.13
1.15
3.17
2.50
4.23
2.10
4.23
5.16
5.22
6.17
5.85
6.26
7.09
3.76
2.76
5.68
5.71
4.58
3.25
2.19
1.83
4.71
6.65
5.15
6.06
3.51
1.20
3.15
2.29
2.28
6.56
8.90
4.90
4.39
3.94
1.55
4.45
2.81
2.13
1.48
2.55
4.42
6.00
4.66
1.32
2.15
1.11
1.58
5.07
3.61
6.96
3.48
2.88
5.45
5.70
2.53
2.01
2.36
4.36
3.41
8.35
4.70
2.03
3.56
3.24
5.27
1.59
2.99
2.63
3.48
2.20
3.93
4.41
5.49
3.53
2.14
1.85
3.76
3.82
1.77
4.31
6.26
3.52
2.55
5.04
5.20
4.14
3.21
4.87
3.70
3.70
4.76
4.40
2.80
4.14
5.31
5.76
4.20
3.35
2.99
2.93
2.23
2.28
2.48
3.77
4.71
3.53
2.79
2.15
1.39
1.52
2.42
4.70
5.50
5.95
9.63
7.89
5.65
7.69
6.68
2.89
4.49
4.71
5.85
5.20
7.21
6.19
4.34
4.11
4.72
5.30
5.67
4.19
3.62
5.38
4.91
5.73
5.86
4.21
3.19
3.20
3.96
2.67
2.06
4.57
2.30
2.95
3.52
5.18
7.48
5.33
3.48
2.42
1.72
4.92
5.80
3.90
4.10
3.27
2.02
2.64
3.76
3.30
4.21
4.13
2.88
2.24
3.90
2.17
1.64
4.73
4.99
3.83
2.48
2.98
5.94
5.09
6.65
7.90
4.19
1.31
2.21
8.40
8.28
2.55
1.20
1.79
2.88
1.73
2.97
2.27
2.79
3.18
4.43
3.69
3.30
3.27
3.22
4.59
5.92
5.76
5.02
5.62
2.87
2.48
1.52
2.61
4.92
5.90
5.74
2.42
2.74
2.78
3.70
3.62
5.34
5.11
4.88
3.96
2.95
1.69
1.82
4.53
4.69
5.75
4.24
5.17
6.68
4.63
4.85
3.17
4.57
3.82
2.41
2.80
2.89
3.90
3.27
2.81
3.90
4.00
2.26
2.99
1.62
3.89
3.80
2.00
2.53
4.49
4.93
6.98
4.16
2.66
3.38
4.74
4.41
3.46
3.34
3.35
4.97
4.17
5.29
5.16
6.57
5.91
4.28
1.71
3.94
2.10
2.98
3.24
2.27
2.88
2.72
3.91
6.69
5.24
4.42
4.66
5.27
2.65
2.47
4.49
6.69
7.17
8.15
2.90
2.80
2.44
3.33
5.73
6.64
4.94
2.10
3.33
4.21
2.67
3.21
2.49
5.06
4.61
7.08
4.59
5.42
3.14
2.02
3.22
3.07
2.23
2.99
1.82
5.10
3.01
3.24
3.13
3.92
2.67
2.66
4.45
4.17
5.64
6.21
5.04
3.36
2.07
1.86
2.07
3.22
3.60
7.70
6.30
4.74
2.23
3.05
3.58
6.84
6.66
7.04
4.97
2.14
4.24
2.83
3.62
4.64
5.13
5.07
2.98
1.71
1.86
2.86
1.47
1.17
1.80
1.70
1.55
1.19
3.55
3.90
4.96
7.03
4.58
4.77
4.15
5.31
4.48
3.50
1.64
1.62
2.86
3.21
3.34
6.43
6.11
3.69
3.18
3.68
4.32
6.57
6.39
3.09
3.43
2.24
2.68
3.45
3.20
4.19
2.95
4.07
3.68
3.63
2.39
4.83
4.16
2.99
4.60
6.01
3.17
1.49
2.17
3.92
4.85
2.32
2.15
1.39
1.61
2.72
2.93
2.52
3.92
5.90
6.32
8.70
3.74
4.60
5.30
5.60
4.02
7.70
5.97
4.98
5.04
5.73
6.82
7.70
4.57
4.61
4.76
8.16
6.14
6.24
6.25
5.31
4.71
4.94
4.92
2.84
2.64
4.41
5.16
6.17
5.38
4.92
6.00
7.92
4.87
3.25
4.42
4.50
8.87
8.20
10.05
4.57
6.38
5.28
3.77
4.40
4.84
8.26
7.29
3.31
1.25
1.71
2.86
4.50
5.07
4.80
5.75
6.57
1.76
1.99
3.73
7.09
5.21
3.10
3.54
5.57
5.26
5.18
2.22
2.67
1.60
3.41
3.01
2.91
3.82
4.55
2.19
2.04
3.00
2.31
4.22
7.52
3.02
4.27
5.99
5.45
5.07
5.99
7.06
6.55
6.92
6.22
3.23
3.35
5.14
3.61
3.82
2.68
5.13
4.54
5.22
4.19
5.46
4.90
4.44
5.88
5.67
6.70
5.03
4.25
2.00
2.87
2.43
5.28
5.13
4.48
2.92
1.52
1.52
2.85
3.43
2.97
3.71
5.68
7.88
8.25
7.29
5.45
5.04
3.82
4.97
2.97
3.55
5.02
2.70
5.18
5.15
2.64
1.86
2.98
1.64
3.66
4.63
4.33
4.71
4.34
2.59
2.97
2.96
3.51
3.09
3.98
6.84
5.09
4.38
4.72
2.85
4.38
4.02
2.31
3.31
3.52
2.15
1.99
4.02
3.75
4.44
6.66
6.53
3.03
4.31
3.40
5.83
3.22
5.02
2.31
2.97
3.90
4.44
4.45
4.53
2.97
2.90
2.45
2.58
5.51
4.09
1.86
6.08
4.90
2.51
3.22
3.49
3.55
2.71
4.09
5.73
4.14
1.97
2.14
4.07
2.78
4.02
4.23
4.94
4.76
1.98
3.69
4.54
4.99
4.75
3.70
6.71
5.98
1.76
2.50
3.17
3.60
3.79
2.77
1.91
3.02
3.90
2.66
1.66
4.34
6.12
4.14
4.37
4.77
2.86
4.11
3.83
4.49
4.33
3.15
5.28
4.77
4.51
1.80
3.13
2.69
1.94
2.64
3.36
3.46
2.28
3.37
3.12
2.93
3.71
2.15
1.73
2.25
3.90
5.15
3.89
2.82
2.99
2.19
3.60
3.87
3.80
4.07
2.82
2.18
3.74
2.42
3.40
2.01
4.10
3.18
1.66
3.79
5.13
3.07
3.45
2.18
2.09
2.82
1.86
2.64
2.19
2.72
3.43
3.24
4.49
3.06
3.13
2.65
3.30
2.93
2.18
6.02
3.82
3.65
3.40
4.59
3.67
3.86
3.67
3.56
1.93
5.60
4.11
3.07
4.44
4.71
5.12
4.42
3.43
4.22
4.94
3.69
5.63
3.58
4.16
3.41
4.05
3.16
1.79
4.89
4.90
4.26
3.24
5.83
4.97
3.86
2.41
2.09
2.94
3.91
2.81
1.68
4.27
1.47
1.93
2.11
5.77
2.66
4.35
4.87
6.02
4.61
4.33
4.32
4.62
5.84
5.65
3.94
3.97
3.76
3.77
3.14
2.04
1.50
3.50
4.14
1.65
3.58
4.39
5.02
5.02
3.76
2.11
7.29
4.72
2.44
1.52
3.92
2.65
3.94
2.84
3.88
5.81
3.53
3.57
3.72
1.35
5.11
3.70
3.55
1.92
3.26
5.23
4.23
3.09
2.51
1.96
2.75
5.07
5.65
4.61
4.66
4.44
4.28
5.86
5.73
3.49
6.28
6.96
8.46
5.30
4.96
6.32
6.63
4.36
4.60
2.50
2.74
4.04
4.17
3.44
1.56
2.54
3.08
1.88
2.28
2.48
3.93
5.26
4.39
6.69
3.67
2.14
2.69
3.39
5.54
5.39
5.47
5.77
6.82
9.29
4.47
4.21
4.90
6.63
5.36
3.61
2.87
3.26
2.47
3.20
5.38
3.03
1.81
5.13
3.84
1.84
2.19
2.14
3.84
3.67
4.06
4.54
5.16
4.60
4.59
3.99
2.12
2.63
3.69
3.65
4.38
2.07
3.03
2.38
6.29
6.42
6.42
6.95
4.59
2.20
2.34
2.40
2.06
6.55
8.00
6.18
3.37
3.22
2.72
5.48
7.61
6.49
7.10
5.51
4.98
4.38
2.61
2.29
2.95
2.62
3.12
4.78
4.79
3.58
2.62
2.67
3.30
5.44
3.73
3.01
3.48
4.02
4.33
3.92
3.22
3.91
6.48
5.65
2.96
3.19
2.71
4.90
4.55
2.48
2.88
3.72
2.40
5.08
4.09
2.48
4.14
2.60
3.71
2.92
2.15
2.93
3.66
2.50
4.38
4.31
3.71
3.72
4.35
4.78
3.23
3.03
3.20
2.06
1.64
3.11
7.04
3.59
2.99
3.18
3.56
2.24
2.71
2.51
2.28
4.32
4.94
7.60
4.76
3.48
1.98
2.84
1.80
3.06
2.82
2.48
3.00
3.63
4.57
4.34
4.51
4.69
2.02
2.84
3.97
3.14
5.54
5.41
5.60
3.81
4.50
6.16
3.77
4.75
4.90
3.50
3.23
2.19
3.18
2.28
3.32
1.63
1.78
2.61
2.53
4.89
4.01
3.26
3.52
4.51
3.19
2.47
2.37
2.88
5.05
2.80
1.75
1.92
2.99
3.79
1.80
1.90
2.16
3.47
2.17
3.12
4.44
2.42
2.82
3.43
2.02
3.86
4.94
3.05
3.70
2.23
3.13
3.62
3.93
4.30
3.42
2.48
3.52
2.58
3.95
1.83
2.15
1.48
1.89
3.56
4.62
4.75
4.52
2.63
2.03
1.51
2.14
3.63
4.44
6.26
3.91
1.55
4.41
5.00
2.37
3.61
2.22
2.58
1.87
1.69
1.68
3.48
3.79
5.07
5.37
2.52
3.09
2.96
2.00
4.64
6.02
3.18
3.70
2.95
1.82
2.34
5.18
5.15
4.25
4.41
7.09
5.79
2.14
1.43
1.73
2.15
3.88
2.86
6.53
4.63
3.24
3.48
2.26
2.59
6.36
3.66
4.08
3.85
4.36
4.31
5.54
4.04
3.98
5.22
7.23
9.97
7.20
5.25
6.07
5.76
2.69
7.40
5.47
5.56
4.36
3.84
2.95
7.60
4.50
2.49
4.52
3.16
3.72
1.85
4.26
2.18
3.61
3.63
1.78
1.78
2.78
2.40
3.68
2.24
1.25
4.11
5.96
5.39
4.13
4.83
1.32
2.64
4.61
9.57
10.25
3.41
5.63
5.52
3.58
2.97
3.70
3.34
3.87
6.31
6.48
3.46
4.21
5.21
4.59
8.83
7.88
6.84
9.72
4.46
1.51
7.13
3.55
4.94
6.18
5.03
5.01
5.93
5.54
5.59
3.88
6.18
6.72
5.87
7.19
6.43
5.99
4.79
4.04
2.54
4.18
5.62
3.50
4.73
7.37
4.84
2.91
5.28
6.61
5.62
6.23
6.53
5.02
5.70
6.34
5.11
4.16
5.59
3.38
3.40
3.94
4.52
6.07
8.08
6.54
8.17
4.23
4.85
6.47
6.07
5.48
9.41
7.54
3.11
2.94
3.53
4.92
4.86
6.39
5.01
5.57
4.05
2.18
3.21
2.40
2.63
3.80
4.72
1.10
2.25
3.18
4.44
3.20
3.65
2.88
3.99
1.78
2.09
3.89
9.69
9.69
6.47
4.74
6.26
6.35
4.15
4.17
3.87
1.81
2.46
4.10
5.26
4.38
3.37
1.90
1.65
3.55
2.56
3.92
4.71
2.41
3.54
3.92
6.17
6.74
2.52
2.57
2.56
6.16
8.50
5.58
1.60
5.68
4.06
4.59
5.24
4.14
2.73
2.73
3.41
3.97
3.62
5.16
3.53
2.06
1.71
3.51
5.17
3.12
3.79
1.74
4.99
3.83
4.79
4.17
5.67
7.07
4.94
5.03
5.75
3.41
3.21
2.60
2.89
2.39
2.58
3.21
3.56
3.04
1.82
2.17
4.91
5.91
6.81
3.81
3.24
5.10
2.51
1.76
1.77
3.77
5.38
4.32
2.63
2.55
3.03
3.36
3.63
3.54
5.24
3.42
2.69
3.48
2.74
4.26
6.35
6.91
5.35
5.57
5.06
3.08
3.00
1.79
2.93
3.07
2.95
3.77
3.44
4.00
3.37
2.94
3.04
4.28
3.37
2.48
4.41
4.88
4.99
3.34
3.10
4.93
3.50
2.73
1.88
3.03
4.53
4.39
5.13
5.04
5.10
3.48
2.77
2.51
2.71
2.53
2.76
4.41
3.30
4.24
4.10
2.88
1.93
2.82
2.15
1.93
2.25
5.43
5.87
6.13
6.01
4.56
4.16
3.42
3.80
6.87
7.16
5.43
5.10
3.84
5.66
3.65
3.71
2.69
1.93
2.16
2.31
3.08
3.71
2.63
2.28
3.66
3.94
3.63
2.65
1.93
2.03
3.05
4.24
3.46
3.22
3.80
3.54
2.33
3.73
3.86
4.10
3.37
2.31
1.48
5.37
7.11
2.33
4.90
5.11
4.35
2.20
1.51
1.48
2.17
1.59
1.12
3.39
5.12
3.34
5.21
5.93
5.24
5.05
4.44
2.50
2.79
2.78
1.78
3.49
2.46
3.07
3.71
5.07
5.28
5.51
6.22
3.08
4.50
3.71
4.71
4.49
3.75
2.96
2.62
2.64
2.66
3.77
6.51
4.02
2.90
2.60
4.45
4.68
3.93
2.94
3.69
3.42
1.41
5.05
5.60
4.57
3.35
4.62
2.24
1.29
1.14
4.35
4.61
4.31
1.25
5.71
6.39
7.08
5.91
5.64
5.80
3.55
2.72
2.76
2.74
2.32
6.21
4.49
4.66
7.89
7.33
8.12
4.92
5.12
6.28
5.35
4.80
5.82
6.71
8.06
6.23
8.71
7.76
7.33
6.96
2.11
4.54
2.63
3.61
3.26
3.46
6.25
9.43
7.06
4.98
3.93
4.14
4.78
6.59
9.65
9.51
8.22
8.34
5.96
5.92
7.77
6.48
4.12
4.38
2.21
1.48
2.22
2.96
2.48
3.79
2.27
5.06
5.16
7.41
7.83
2.22
1.67
2.91
4.08
3.39
2.78
2.56
1.96
5.26
6.70
7.27
5.00
1.96
2.62
3.76
2.68
5.18
5.21
2.69
4.37
6.03
6.45
5.12
5.07
6.72
6.45
4.22
4.91
3.65
4.36
6.11
6.89
5.93
5.60
4.03
3.75
6.44
4.88
2.55
4.20
3.99
3.23
4.42
5.19
5.32
6.52
4.28
3.54
1.78
2.63
4.73
3.94
3.10
1.61
4.15
3.71
4.61
4.94
6.42
9.15
10.13
7.93
6.05
5.00
2.47
2.89
2.88
3.83
4.19
1.65
1.62
5.69
6.94
7.57
4.64
6.34
5.02
3.94
3.42
2.11
2.91
5.37
3.65
4.06
2.68
3.46
3.14
3.98
3.30
4.79
3.18
3.42
2.87
5.28
4.64
6.08
5.89
5.91
2.42
4.63
5.72
5.15
4.18
6.30
3.93
3.34
4.66
4.89
3.32
4.85
3.77
3.41
2.69
3.38
1.80
3.06
4.41
4.28
5.32
4.18
5.73
5.57
4.17
7.95
6.34
2.14
4.25
4.87
4.17
3.46
2.66
2.55
2.37
2.65
2.98
4.48
3.83
3.69
3.69
5.09
4.89
5.22
2.72
2.88
4.61
4.99
2.96
1.63
5.25
3.10
3.71
2.83
4.41
6.11
3.05
2.53
2.64
5.14
2.89
6.13
7.17
5.98
1.74
2.99
2.93
2.58
2.42
2.24
4.02
4.12
2.26
3.64
4.73
3.49
3.25
3.41
6.31
5.36
5.16
6.32
7.25
7.01
3.88
2.14
2.04
4.11
3.43
2.97
3.17
2.16
3.11
2.58
2.72
3.18
2.44
4.48
3.89
1.59
2.87
3.26
2.48
1.86
1.71
2.41
3.12
4.44
5.17
6.22
5.55
4.21
3.45
1.81
2.12
2.47
4.41
5.01
2.98
5.98
6.00
6.77
3.51
2.42
2.22
3.13
3.86
3.96
3.20
3.57
5.59
4.94
7.07
4.69
2.22
4.04
2.66
3.60
2.21
5.08
2.50
1.89
2.10
1.74
2.74
1.73
1.34
1.15
2.26
1.92
3.55
5.77
4.40
2.38
2.72
3.84
4.77
4.21
2.19
3.01
3.60
0.78
1.05
2.28
1.87
1.87
3.61
4.85
3.48
3.42
2.87
3.03
3.63
4.24
1.56
2.77
4.49
1.56
2.03
2.12
2.35
2.30
3.39
5.42
5.04
6.76
7.34
5.89
4.69
6.02
7.01
4.59
5.68
4.82
8.65
8.13
5.55
4.81
4.37
3.30
7.41
3.90
2.08
4.89
5.94
8.58
6.48
3.99
5.31
5.03
6.94
9.66
8.74
2.57
3.97
4.69
7.53
6.51
5.58
4.86
3.11
2.35
4.61
4.57
4.97
5.38
4.75
7.61
7.43
7.55
5.70
5.78
8.12
6.25
3.51
7.52
6.53
5.43
2.04
7.29
8.26
6.78
5.96
5.53
6.33
6.15
3.41
4.16
3.10
3.77
3.64
4.53
3.04
1.66
2.32
2.23
3.40
2.77
2.21
4.45
3.57
4.23
3.91
6.62
8.89
6.57
9.07
7.78
6.30
6.09
9.58
7.46
4.54
4.23
5.57
6.19
9.76
7.79
5.89
4.93
2.73
3.65
5.44
4.54
1.61
3.84
2.18
2.87
6.19
6.11
6.31
5.00
4.43
4.09
2.90
1.82
1.67
3.37
3.67
5.31
3.57
4.52
2.28
3.32
3.39
3.13
4.93
3.68
3.33
3.39
2.96
2.37
3.73
3.99
2.53
4.40
3.75
6.18
6.18
4.67
3.96
2.79
4.20
4.75
5.40
7.27
4.99
4.56
2.76
2.07
3.81
2.40
3.25
3.13
6.77
6.42
3.81
2.20
3.92
4.88
3.42
2.93
2.51
3.23
5.39
5.23
5.34
7.32
5.64
3.08
4.60
4.29
3.65
3.99
4.37
3.80
4.65
5.05
2.27
3.00
2.52
4.37
2.29
3.24
4.62
5.41
6.54
5.44
4.87
5.14
5.74
4.38
5.83
4.53
5.33
4.37
3.00
2.39
4.02
4.31
4.89
2.34
4.58
2.45
2.29
2.10
3.46
3.95
4.69
3.26
5.05
2.95
3.71
2.83
2.17
2.65
3.54
5.03
3.76
4.80
2.95
3.34
3.54
2.40
1.85
1.92
2.83
3.43
3.00
4.45
3.33
2.95
4.49
3.30
3.94
4.56
4.70
2.70
4.95
4.58
5.43
4.13
4.23
2.84
4.71
6.84
2.88
3.63
4.38
4.40
5.45
4.34
1.91
4.56
5.36
3.49
3.07
3.96
2.79
3.77
2.95
2.24
2.25
1.93
2.18
2.29
3.15
2.33
3.73
3.83
2.19
3.79
2.47
4.83
5.23
3.60
4.48
4.53
5.75
4.07
4.08
4.33
3.44
4.29
3.45
2.46
2.48
1.57
1.65
1.61
2.98
4.11
4.68
2.66
3.10
4.15
4.01
3.04
3.94
4.57
2.50
2.58
2.71
2.69
3.27
3.97
2.96
1.78
2.10
2.61
2.36
2.78
2.03
2.47
3.39
3.71
4.92
2.19
3.60
3.81
2.50
1.55
1.85
1.87
2.78
2.30
4.17
1.85
1.81
5.90
6.86
4.34
2.81
3.02
2.47
4.05
4.14
4.29
3.51
3.07
2.10
1.58
3.51
3.78
5.03
6.37
4.65
2.76
4.82
3.55
2.14
2.79
2.40
1.83
2.60
2.80
2.00
1.75
4.36
4.73
3.95
2.48
2.01
3.48
4.24
2.48
5.10
3.17
3.47
3.92
3.58
2.27
2.74
2.04
2.76
4.14
3.78
4.99
3.65
5.03
5.86
4.95
7.48
4.82
3.11
1.41
1.98
1.37
2.54
3.67
2.35
2.34
4.91
7.29
3.90
0.82
0.82
1.10
1.92
4.38
5.11
5.01
4.69
4.96
3.14
2.68
2.55
5.37
4.00
1.83
2.96
2.22
5.12
5.28
4.65
6.47
7.56
6.49
8.64
8.95
4.22
3.05
2.87
4.57
5.32
3.39
6.96
8.39
3.49
2.16
4.32
1.68
3.89
4.91
7.04
6.01
4.75
4.38
3.39
1.94
1.03
2.43
2.15
1.23
1.35
2.88
2.28
2.50
2.26
4.68
4.29
3.11
4.19
3.78
2.99
5.40
4.84
3.53
2.73
3.11
4.05
5.53
4.81
4.54
4.95
5.04
4.87
3.61
3.00
1.79
3.66
4.21
3.76
4.59
6.80
5.83
7.87
6.69
6.12
5.68
6.27
6.70
7.19
4.99
4.84
4.58
2.79
4.70
3.81
2.67
4.62
4.51
5.64
2.63
5.13
3.37
4.68
4.97
3.71
6.15
8.24
4.45
5.84
5.41
3.48
4.41
2.31
2.94
1.19
1.51
2.50
4.11
3.42
3.48
1.87
3.93
2.93
1.80
5.26
6.20
7.21
3.67
1.97
6.22
5.40
5.81
6.61
4.19
6.63
5.01
3.28
4.44
2.54
2.55
6.24
7.05
5.88
5.37
4.13
2.53
3.00
3.73
2.98
6.10
7.01
6.13
5.54
6.76
4.08
2.60
2.87
4.82
3.41
3.42
3.86
3.77
2.15
2.48
3.20
3.57
4.41
4.61
3.70
3.55
1.91
2.03
4.57
5.49
4.94
3.13
4.36
4.01
2.79
4.25
6.46
3.58
2.01
3.44
4.52
3.22
5.14
7.39
4.50
3.76
2.63
4.17
5.57
5.65
2.91
3.64
6.32
5.65
2.47
1.42
4.08
2.52
3.64
5.78
5.25
4.48
4.84
2.32
4.69
3.24
5.25
3.67
4.95
5.36
4.43
2.02
1.81
2.76
4.38
1.72
2.02
3.07
3.56
4.60
1.76
2.90
3.76
3.31
1.89
4.68
3.07
3.24
3.45
3.30
1.87
4.13
4.22
3.26
3.41
4.71
4.80
2.98
2.20
2.79
5.68
6.61
3.89
3.88
2.81
3.25
4.61
2.16
3.01
4.02
3.30
2.36
4.19
2.57
3.79
3.51
5.37
4.70
4.31
3.01
2.04
4.11
3.22
1.94
3.74
1.55
2.58
2.04
4.00
1.87
2.17
1.47
1.83
2.40
4.13
3.97
6.37
3.41
4.72
7.26
5.60
8.77
6.72
5.31
3.17
1.68
1.73
2.20
3.35
1.72
1.36
1.56
2.37
3.41
3.56
3.14
3.03
4.11
3.62
3.54
6.10
4.90
7.14
7.17
4.88
6.05
3.71
2.04
3.98
6.08
7.40
3.60
4.41
2.84
2.91
3.59
1.79
3.27
4.13
3.93
3.96
3.62
3.99
5.46
4.38
5.39
7.09
10.03
3.97
3.85
4.93
3.85
2.92
3.52
3.48
1.46
2.50
2.35
3.76
5.40
4.39
2.97
2.20
3.95
2.96
4.09
2.89
6.11
5.60
3.80
2.76
6.26
6.80
3.29
2.08
6.20
7.29
7.47
3.84
2.50
2.47
3.31
4.06
4.28
6.26
7.06
8.65
5.65
5.73
6.52
2.85
4.17
7.27
6.45
3.08
3.66
2.95
2.74
2.52
2.41
3.78
3.57
7.20
7.56
7.11
7.14
4.81
4.85
6.23
7.32
4.94
6.50
3.67
8.77
5.34
5.69
3.53
3.22
4.27
6.05
2.48
1.78
3.76
5.43
6.13
7.84
5.58
5.32
5.70
3.42
3.70
2.06
4.13
4.41
8.42
4.31
1.72
4.67
7.12
8.03
5.27
5.51
6.82
4.30
3.05
3.20
3.08
2.47
1.49
1.51
3.43
2.46
6.46
5.25
3.65
4.47
6.67
3.98
1.39
2.54
1.87
2.50
1.81
1.67
3.96
4.84
2.84
4.85
3.97
5.60
6.72
5.81
5.90
5.09
3.97
2.97
1.42
4.37
4.76
3.18
3.37
1.16
4.07
3.13
7.82
9.84
10.65
8.80
3.33
4.77
2.77
5.24
2.46
3.12
2.40
3.01
2.84
5.76
3.42
4.44
4.46
4.86
3.18
4.69
4.10
6.34
3.71
5.91
3.70
3.02
6.73
6.01
5.78
3.53
3.86
1.94
2.04
2.62
2.02
3.19
3.93
3.18
2.82
4.94
4.89
5.73
4.17
3.36
3.39
3.55
5.49
8.14
4.87
4.01
1.86
2.91
3.00
3.49
4.64
4.17
4.46
3.00
3.72
4.44
4.95
3.30
4.03
5.82
3.93
1.85
4.66
4.61
4.04
4.24
5.61
5.02
3.74
4.03
3.32
4.45
2.53
3.44
2.74
2.89
2.84
3.47
3.05
3.80
3.37
2.17
3.06
3.13
5.03
4.97
5.12
4.68
2.52
3.47
3.65
4.65
4.25
3.69
6.36
7.06
6.60
4.45
4.76
2.87
3.27
3.67
3.88
3.60
4.52
2.81
3.15
2.47
3.91
5.82
6.34
4.89
5.37
4.36
2.66
3.58
4.84
2.82
1.59
1.97
2.87
4.88
3.51
2.42
2.40
3.68
2.26
1.89
2.14
3.14
4.41
4.27
3.66
2.36
4.14
3.07
2.23
3.13
3.51
4.36
2.03
2.89
3.98
3.70
6.50
4.90
3.25
3.07
5.08
2.90
3.68
2.17
2.99
3.66
4.44
1.62
3.19
3.11
4.60
3.37
3.87
5.64
2.96
3.14
4.67
3.37
2.00
2.97
4.13
3.51
3.01
3.34
3.45
5.41
2.88
3.03
5.62
2.95
1.51
2.09
3.90
3.02
2.48
3.74
4.26
4.73
6.55
5.94
2.98
5.27
2.15
5.94
4.32
5.11
2.62
2.72
3.40
6.00
6.00
3.76
3.64
1.67
3.42
2.68
2.72
2.71
4.22
3.10
4.04
4.68
2.10
1.30
1.53
2.66
1.23
2.39
2.46
4.44
8.92
6.33
6.07
5.25
4.59
3.91
5.50
6.32
6.01
3.33
4.33
2.05
3.08
3.47
2.28
2.68
1.94
3.31
5.01
4.63
2.68
4.47
3.42
3.06
4.54
3.71
2.34
5.60
7.78
5.61
4.54
3.56
2.82
2.79
2.76
2.66
6.61
7.54
5.01
4.78
4.72
4.96
4.22
3.61
4.65
6.50
8.28
6.21
6.45
4.65
2.56
2.60
2.85
4.22
5.26
2.88
3.88
4.82
3.37
6.03
3.36
3.92
3.83
5.47
4.92
4.14
3.39
5.17
6.44
3.42
9.42
6.02
1.53
5.30
5.03
2.37
5.23
9.46
6.78
2.36
5.85
6.35
7.83
8.19
6.42
7.17
6.13
2.47
1.64
1.86
2.83
4.75
3.62
3.22
3.09
3.24
5.08
4.03
3.70
4.96
4.18
4.15
2.89
3.93
6.23
5.23
4.38
6.15
7.40
9.03
6.23
7.56
5.02
4.93
2.95
1.73
3.05
2.62
2.12
4.69
4.57
4.79
4.05
3.56
1.66
1.56
1.41
1.88
3.82
3.61
4.04
6.35
9.32
6.10
5.40
8.04
8.18
8.10
4.36
5.13
6.30
9.42
7.06
8.79
6.52
7.21
7.88
4.13
3.87
3.65
2.92
3.59
2.70
4.49
5.66
4.46
3.70
2.60
2.88
4.28
3.97
5.82
3.31
3.05
3.02
2.93
3.24
3.67
4.37
3.62
3.67
4.66
4.65
4.16
5.54
5.01
5.51
4.50
3.81
3.14
2.77
5.89
8.49
6.44
4.84
4.95
3.36
2.87
3.64
3.92
6.05
5.87
5.66
4.04
3.71
5.00
3.11
4.34
3.09
3.17
3.24
5.36
4.69
3.43
3.71
4.27
3.85
3.73
3.85
3.79
4.55
5.83
2.74
4.36
4.30
4.63
4.60
3.96
2.68
4.89
4.04
3.76
3.76
3.85
2.92
3.75
4.48
3.12
6.89
3.98
4.48
2.81
3.28
4.00
3.72
4.40
2.39
2.12
3.79
3.36
3.45
3.36
3.04
4.37
4.14
3.95
5.18
6.21
3.29
1.71
5.17
5.95
6.14
4.72
4.75
4.88
4.91
5.26
4.52
4.19
3.51
1.90
2.86
3.67
3.43
4.59
5.59
2.24
1.92
3.00
4.02
4.49
2.64
2.25
3.16
3.91
5.10
6.33
4.20
3.55
2.85
3.12
2.04
2.02
2.80
2.31
2.11
2.95
3.14
4.34
3.20
5.83
5.32
3.94
4.15
3.66
4.21
3.44
4.37
3.09
4.99
3.30
2.63
3.03
2.07
3.53
2.04
3.12
2.58
2.33
2.89
2.04
2.68
3.73
3.20
4.58
4.73
5.31
5.09
2.49
1.48
2.16
4.61
5.56
3.64
4.79
1.66
4.22
3.30
5.67
4.91
3.09
2.22
1.92
3.00
2.80
2.31
2.15
3.48
3.90
6.71
5.91
6.32
2.89
3.79
2.71
3.69
3.46
3.76
2.49
4.40
5.06
5.30
8.01
4.13
3.57
3.66
2.25
3.48
3.95
5.64
4.66
1.76
3.22
3.49
2.97
4.21
5.77
8.55
6.35
3.50
1.74
1.09
2.14
4.27
4.17
3.27
2.47
1.70
1.60
3.26
2.07
1.77
2.55
4.88
5.33
4.72
3.42
5.31
4.07
2.88
3.67
5.66
1.31
2.39
4.06
5.84
5.43
3.94
3.78
4.45
6.69
4.64
2.51
1.38
3.20
3.43
3.79
4.20
8.41
6.27
8.15
5.77
4.63
5.08
4.57
5.61
6.10
7.71
4.15
4.03
4.24
5.07
4.86
4.01
4.05
4.33
3.41
2.22
2.46
2.16
2.26
3.35
4.92
4.30
1.97
4.28
5.94
5.77
3.45
4.36
4.93
5.20
4.75
5.96
5.65
7.85
4.69
8.19
8.93
4.47
4.97
5.63
2.94
2.85
4.31
3.93
2.38
3.44
3.63
4.23
4.92
6.39
5.93
7.10
7.08
6.75
3.96
4.56
5.15
3.37
3.95
3.63
4.61
10.17
8.95
8.95
8.70
5.30
2.19
6.45
10.88