20050101
3.76
9.03
7.09
9.73
5.38
6.64
10.38
11.77
9.02
8.35
5.64
7.43
6.12
4.01
1.89
3.19
5.60
5.01
5.20
10.00
7.30
4.10
4.49
5.33
4.40
2.52
1.55
1.35
2.13
4.56
7.26
3.85
3.67
2.09
2.19
3.96
4.06
3.55
2.82
3.16
6.63
3.28
8.22
7.42
6.58
5.52
4.06
1.97
5.38
3.09
2.26
4.39
5.85
6.35
3.06
3.05
3.41
4.63
4.87
7.08
3.00
3.76
2.27
4.25
2.77
2.72
2.58
2.47
3.17
8.18
6.51
3.94
4.89
4.23
6.31
8.38
5.92
4.00
2.76
3.50
4.76
2.52
2.14
2.33
2.06
4.58
5.04
5.87
6.57
4.15
3.29
3.24
2.94
2.71
5.01
4.92
6.30
4.65
3.58
3.54
4.16
2.79
1.64
2.37
3.13
4.72
5.60
4.98
6.16
4.57
2.71
1.46
4.10
5.08
5.62
4.50
3.53
2.98
2.74
1.86
2.35
3.39
1.95
3.33
5.65
5.74
2.94
4.48
4.69
3.61
4.18
2.61
1.73
3.25
3.55
4.01
2.83
3.46
3.16
4.29
2.76
2.40
2.89
3.21
3.56
3.60
1.92
4.18
3.58
2.46
5.89
4.04
3.41
3.41
6.41
5.24
5.84
5.11
2.47
2.62
4.76
4.97
3.85
4.25
2.52
1.81
2.67
4.86
3.82
1.47
2.72
3.86
3.60
1.71
1.65
2.74
2.88
3.04
3.94
2.76
3.18
1.77
1.58
1.97
4.57
2.68
2.84
2.35
1.90
2.48
2.52
2.59
2.40
2.78
1.79
4.01
4.00
4.12
1.73
4.33
5.28
6.04
3.90
4.01
3.35
2.34
2.75
1.68
1.86
1.91
3.21
5.21
5.06
2.60
2.25
4.10
3.59
3.67
3.43
2.21
3.61
5.49
5.90
4.17
3.38
2.33
2.35
2.42
1.49
2.85
3.31
2.11
2.47
2.03
2.42
2.44
4.01
4.54
3.10
2.84
3.92
1.55
3.54
3.86
2.13
2.24
1.59
2.38
2.32
2.32
3.18
3.12
4.87
4.64
3.68
1.84
4.84
3.73
2.77
1.74
2.97
1.40
1.75
1.17
2.12
2.48
1.29
2.01
1.77
3.56
3.55
3.63
2.96
3.82
2.02
1.31
2.49
3.41
2.45
3.28
2.60
2.02
2.64
3.80
3.73
2.80
1.18
2.23
2.96
2.51
2.94
4.22
3.81
3.16
6.04
2.80
2.71
7.35
6.36
2.68
4.38
3.33
2.68
3.73
3.03
3.41
4.62
3.45
5.44
4.61
3.80
4.01
3.25
4.77
5.60
4.35
1.56
4.32
5.46
2.40
1.45
1.42
1.83
2.46
1.77
1.04
1.80
5.07
5.99
4.06
2.18
1.58
3.12
4.33
3.68
5.53
4.74
3.18
2.94
2.52
1.58
2.60
1.60
2.95
5.26
3.84
3.78
3.87
8.06
5.90
3.20
2.83
3.80
3.99
3.11
3.93
4.05
5.77
1.93
3.13
4.31
3.89
4.55
4.92
4.09
2.69
1.99
1.12
2.13
5.06
5.20
4.23
3.94
2.83
3.81
5.95
2.82
4.04
2.94
3.04
3.19
3.92
2.34
3.40
3.78
4.03
3.04
3.78
3.20
4.09
5.24
2.32
1.13
1.29
3.13
4.16
3.75
3.71
2.18
2.88
1.75
4.39
5.73
7.42
7.35
4.23
1.56
1.38
1.76
2.95
4.46
2.72
2.75
2.24
1.54
3.70
5.93
3.51
1.55
4.75
4.37
2.70
2.24
3.67
4.24
6.35
4.48
3.69
2.25
2.76
2.27
4.14
4.46
5.11
5.86
2.73
1.36
2.25
3.84
5.67
4.37
2.22
4.11
3.44
2.08
2.58
1.61
4.64
4.41
3.84
4.03
5.93
5.60
4.59
6.28
3.86
3.56
4.80
4.92
5.16
4.71
4.58
5.27
7.31
4.67
3.41
3.86
5.56
6.46
2.86
3.41
4.99
4.59
3.35
2.62
2.38
3.93
1.98
1.71
2.46
1.98
3.23
3.22
2.74
2.95
3.56
3.04
3.73
4.59
4.98
4.16
4.23
4.88
4.53
2.51
2.43
1.41
2.25
4.01
2.15
4.64
2.88
4.82
5.49
5.16
4.62
4.37
6.42
5.29
4.29
3.24
2.79
7.22
5.11
4.44
4.58
4.38
2.64
4.08
5.68
2.97
2.72
2.55
2.18
1.86
2.29
2.93
2.67
2.27
3.38
2.58
2.46
2.03
1.85
2.65
2.55
4.15
5.03
3.26
1.81
2.78
3.53
4.13
2.64
2.15
2.34
2.69
3.61
3.62
3.06
2.44
1.97
2.56
2.45
2.87
3.38
2.98
1.63
2.53
3.97
3.14
1.96
1.66
2.41
1.88
2.64
3.62
1.92
3.63
2.59
1.97
1.85
2.50
1.67
1.97
2.01
3.23
3.57
4.15
2.25
1.65
3.41
3.95
4.18
4.39
3.15
2.65
1.77
1.43
2.34
5.98
5.58
2.12
1.99
2.27
2.29
3.00
3.75
3.29
3.13
2.06
1.49
1.62
3.59
3.72
3.03
3.94
4.23
3.85
2.99
6.48
6.98
4.53
3.40
3.98
5.41
2.26
2.28
2.83
2.65
2.49
2.94
5.12
4.94
2.69
2.00
3.70
3.36
3.02
3.96
3.32
2.84
2.83
1.91
2.27
2.52
1.96
1.89
2.35
5.50
3.53
2.88
3.52
6.22
6.37
4.79
2.26
1.08
3.53
2.01
2.53
2.32
2.19
2.78
3.03
2.08
2.28
2.49
3.49
4.52
4.35
4.74
3.08
5.13
6.47
3.78
4.13
3.08
7.12
7.90
2.36
1.79
3.45
6.10
5.69
4.76
4.95
6.13
3.21
6.00
5.53
5.36
4.96
4.31
4.08
3.27
3.68
2.33
5.73
3.78
4.42
5.19
4.45
5.60
4.34
2.63
2.80
3.27
3.70
3.98
4.89
5.15
6.59
7.85
7.44
7.72
6.56
5.38
3.63
7.48
5.50
7.04
8.79
6.90
4.47
4.41
1.55
2.28
3.80
2.27
2.79
2.03
2.77
1.19
1.87
2.97
2.82
3.08
6.34
8.66
9.12
5.31
5.39
8.11
6.14
3.58
4.66
5.95
8.20
8.50
9.69
9.82
8.86
9.65
6.11
5.54
7.16
8.52
6.66
8.26
8.28
5.47
1.99
2.36
3.21
6.51
5.03
8.07
5.20
6.12
8.11
3.16
5.40
5.63
5.11
4.29
3.06
2.83
3.85
5.17
6.49
5.80
2.96
2.30
2.77
2.36
5.84
6.08
2.56
1.75
1.75
4.22
3.28
5.64
5.54
3.96
4.50
5.01
5.79
5.75
4.52
2.33
2.50
5.19
5.26
3.55
3.81
3.87
4.57
4.89
2.42
1.98
3.41
3.19
4.95
7.79
10.03
5.61
3.44
5.08
6.49
6.87
6.45
5.49
4.55
4.53
3.68
4.04
3.86
4.42
3.96
2.25
4.95
3.31
7.01
4.52
4.31
5.98
5.99
5.92
4.61
2.23
3.83
3.70
3.16
2.40
3.92
4.95
6.68
5.11
1.76
3.10
2.27
1.56
3.02
2.81
2.08
3.30
4.62
2.84
1.88
2.06
2.74
2.32
1.96
2.78
3.34
5.90
5.57
5.46
4.21
2.89
3.48
5.12
3.47
2.92
5.08
3.51
3.72
2.52
2.37
2.28
2.46
1.58
1.70
2.34
3.19
2.22
3.86
3.76
2.59
2.54
3.05
4.24
3.11
2.37
1.80
3.01
3.23
3.47
3.00
1.72
3.38
3.04
3.11
4.42
1.91
3.31
1.49
1.73
2.78
1.74
2.43
2.22
2.96
2.75
5.87
7.90
4.12
4.81
5.01
2.40
1.73
3.57
2.57
4.17
4.77
5.52
4.66
2.15
2.12
4.29
4.06
3.26
4.00
2.53
2.33
4.18
3.18
2.20
3.81
3.06
2.17
2.49
3.02
4.45
3.38
5.80
4.53
3.56
5.49
5.44
2.64
2.30
3.58
1.99
2.40
3.87
2.42
2.38
3.35
2.90
4.14
2.50
2.07
2.74
4.23
4.93
4.07
2.29
2.41
2.28
4.39
2.56
1.43
2.50
3.74
4.56
4.21
3.10
2.28
3.79
3.51
3.22
4.76
4.11
4.51
2.41
4.10
4.78
5.21
4.49
4.78
3.41
3.74
2.75
3.63
4.96
4.45
3.29
4.24
4.88
6.20
4.55
2.38
1.81
4.08
3.73
2.13
5.06
7.47
2.80
4.22
1.52
1.24
2.08
2.43
1.86
0.99
1.17
2.23
1.35
1.67
3.33
4.84
1.47
2.57
2.59
4.10
2.69
3.98
3.16
1.61
2.99
2.36
2.76
4.75
3.31
2.39
1.49
4.09
2.98
1.91
3.70
4.44
1.94
4.31
2.85
3.21
5.26
6.64
5.12
6.93
4.28
3.42
4.26
1.68
3.81
1.98
2.85
2.47
2.35
4.26
3.01
4.20
2.47
3.86
4.57
6.26
5.16
2.04
3.54
5.96
4.50
7.25
6.57
6.36
4.11
6.48
6.20
7.10
6.50
4.19
2.10
2.47
2.22
0.96
1.37
1.73
1.43
2.63
2.11
1.52
1.62
1.86
1.29
1.29
2.94
4.48
4.20
5.56
6.53
6.68
3.78
2.28
2.08
3.83
6.92
6.90
5.52
3.00
5.77
5.95
5.39
7.07
5.05
5.85
4.28
4.33
6.55
6.67
4.08
6.15
6.80
3.16
4.02
3.49
4.65
6.41
8.81
10.16
5.63
3.33
4.21
5.03
7.76
9.17
5.29
5.50
4.47
5.50
5.63
5.17
2.88
1.76
1.55
1.58
1.99
2.44
2.25
2.58
1.26
4.75
5.78
3.73
1.76
6.09
10.02
7.45
6.10
4.65
6.55
8.67
4.26
4.58
10.29
6.99
6.20
4.48
5.09
7.16
4.23
4.12
5.24
5.40
5.96
7.80
8.68
6.00
2.32
3.47
5.87
4.34
3.46
4.32
3.24
6.07
3.55
4.51
4.28
3.70
1.71
3.97
5.51
4.89
3.12
3.32
4.86
3.47
3.90
2.82
2.22
1.60
1.88
1.97
2.33
3.24
2.74
2.58
1.91
2.36
2.23
3.33
4.55
4.77
3.92
5.75
6.23
3.56
2.83
3.94
2.41
2.62
3.44
1.71
3.72
2.58
2.00
1.57
1.97
2.33
1.91
1.57
1.65
2.39
2.74
2.12
2.21
4.64
2.82
1.94
2.29
2.36
2.54
2.78
2.22
2.52
2.69
3.18
4.52
4.57
4.64
5.49
5.82
4.52
4.67
3.37
3.57
2.26
4.34
4.91
4.32
3.69
3.52
2.59
2.95
4.43
5.11
3.75
3.45
3.64
3.23
3.89
1.94
2.82
3.90
3.61
3.13
3.32
6.07
2.60
2.73
3.66
4.03
4.40
2.98
3.98
1.94
4.07
2.95
3.02
2.54
1.60
3.10
4.20
4.25
2.99
3.48
3.97
3.25
3.79
4.16
3.91
2.88
3.32
3.32
4.98
5.28
3.37
1.71
2.88
4.17
3.80
3.27
3.19
3.69
1.88
3.41
2.79
3.13
3.75
5.62
4.61
1.86
2.37
3.34
4.01
4.64
3.42
2.60
5.90
5.30
1.33
1.30
1.23
2.83
3.68
4.83
3.84
2.42
3.35
2.88
2.11
3.29
4.10
4.11
3.83
1.44
3.23
3.13
3.51
4.85
4.93
3.32
3.34
2.32
3.92
2.39
2.20
3.25
5.92
4.20
3.22
3.02
2.16
1.79
1.49
1.20
1.26
2.50
2.86
3.93
3.66
2.79
0.96
1.61
2.28
2.81
5.11
5.28
6.28
4.10
4.53
5.46
1.24
2.66
2.70
1.94
3.17
3.69
2.65
3.03
2.93
4.04
3.68
3.84
4.38
4.69
5.04
4.83
3.21
3.78
4.48
3.30
6.03
3.45
3.59
1.97
1.94
1.56
4.01
3.13
3.58
1.77
4.62
2.99
2.16
2.25
4.95
6.89
5.49
6.02
3.52
6.10
6.37
5.38
1.86
5.53
6.45
7.15
3.72
3.90
2.76
2.54
2.59
4.31
6.44
3.70
1.80
2.52
2.56
3.88
2.99
4.25
2.63
1.75
2.83
4.98
2.86
1.92
1.86
2.31
4.73
4.44
2.31
0.99
2.15
3.41
3.88
7.77
5.30
7.32
2.76
4.23
2.99
1.90
1.06
1.66
3.12
2.43
1.56
1.73
1.56
4.22
2.51
3.16
2.98
3.68
2.92
3.29
2.02
4.95
6.63
4.97
1.67
1.36
4.70
3.64
4.93
5.28
4.61
1.86
4.06
5.03
3.83
2.72
2.85
1.70
2.14
2.47
3.03
3.17
6.09
7.40
4.34
1.68
2.44
2.66
1.91
4.07
3.22
4.77
4.13
2.25
1.60
2.29
3.30
2.16
3.29
1.27
3.16
2.11
1.90
5.48
4.78
2.35
5.23
7.00
4.79
1.94
2.10
3.34
3.47
4.81
4.27
3.91
2.53
4.21
5.19
3.47
3.90
3.52
3.45
2.50
3.52
2.57
6.08
4.16
3.29
1.73
3.75
7.42
7.05
4.16
3.85
3.87
4.66
2.89
2.58
2.90
2.65
2.33
3.20
2.38
3.04
2.90
2.64
3.40
3.74
2.19
3.95
4.07
3.01
2.38
1.98
4.16
5.79
5.80
3.73
3.89
2.07
1.61
3.32
2.72
2.80
4.06
2.52
3.42
3.51
2.06
2.20
3.08
2.07
2.56
4.40
4.99
6.22
3.67
4.23
3.31
2.47
3.06
3.68
3.68
5.17
6.03
2.94
2.98
2.56
2.13
2.77
2.39
3.81
3.31
3.23
2.37
4.80
5.78
6.42
4.14
5.22
4.11
2.71
4.64
5.89
4.80
3.11
3.23
3.00
2.69
2.70
4.27
5.01
6.89
5.52
2.15
2.93
3.49
2.29
4.45
4.39
3.66
2.11
1.91
3.58
4.63
4.71
5.30
4.24
3.24
2.10
1.81
1.98
2.04
2.25
3.44
3.05
2.58
3.68
3.65
4.71
5.35
3.98
2.72
2.22
1.56
1.96
2.49
2.27
3.39
3.06
5.10
2.77
2.21
2.59
3.00
3.97
2.92
3.00
2.85
2.40
5.01
3.54
2.47
2.75
2.75
1.69
1.69
2.93
3.49
2.33
1.74
1.79
3.09
4.02
3.87
2.40
4.09
3.82
3.68
3.13
2.58
3.81
2.54
2.47
1.73
4.02
2.25
3.05
2.73
3.94
4.03
3.65
2.91
3.69
3.75
4.95
7.43
5.40
3.63
2.43
2.07
2.52
3.28
2.33
2.67
4.59
4.75
4.71
2.96
1.60
1.92
1.83
1.87
2.05
4.27
4.33
3.23
2.18
1.91
2.12
4.54
3.72
2.71
5.25
2.91
7.76
6.37
2.71
3.40
3.54
2.87
1.92
3.18
1.94
4.23
3.25
3.96
4.08
5.12
4.25
1.74
2.77
3.70
4.93
4.81
2.13
2.71
4.07
4.22
2.21
1.34
2.21
3.38
3.81
4.59
2.80
2.79
4.24
2.58
3.46
3.79
2.32
4.61
2.51
1.99
2.05
3.83
4.19
4.28
3.39
4.73
8.02
6.20
5.33
3.37
5.12
7.14
6.22
6.93
7.42
5.62
5.75
3.89
1.47
2.27
2.41
4.40
2.28
4.42
3.98
3.36
2.58
2.34
2.65
3.44
3.42
1.96
1.11
1.66
4.19
3.84
3.96
2.29
4.79
2.72
4.59
3.87
3.86
5.29
6.51
4.98
3.11
2.11
5.80
5.77
4.16
1.73
2.24
3.99
3.92
2.98
1.74
4.00
8.54
9.12
6.33
3.29
6.03
4.91
3.25
5.60
3.54
1.79
3.42
4.13
3.82
3.98
4.52
5.08
3.98
1.19
4.98
5.84
3.30
3.96
4.42
4.56
5.90
5.92
3.04
4.87
4.50
3.39
2.59
2.44
4.71
5.27
4.83
3.37
1.37
2.10
3.38
3.95
3.51
3.20
7.04
3.13
3.00
3.43
4.59
3.89
3.17
5.38
3.72
6.98
5.24
4.51
3.80
3.44
4.73
2.39
1.33
1.40
1.74
2.35
4.81
6.30
6.41
4.05
3.69
4.03
3.44
4.47
4.50
5.22
2.79
4.57
3.40
2.91
3.43
4.56
4.94
3.57
4.23
4.18
5.96
4.50
4.44
2.89
3.71
3.14
4.31
3.06
4.79
4.53
4.51
4.56
2.25
4.28
2.92
5.11
4.82
3.21
3.20
4.38
5.82
3.99
3.37
1.99
3.97
3.49
4.13
2.24
3.01
4.45
4.11
2.51
3.79
4.40
2.89
6.12
5.94
2.52
1.88
2.06
2.76
4.24
2.78
3.25
5.75
6.61
3.62
4.76
4.75
3.73
3.26
2.69
3.96
4.19
5.16
2.09
2.19
3.31
2.92
3.04
4.23
3.84
3.48
4.06
2.78
2.06
2.02
3.78
2.41
1.99
2.34
4.14
5.74
3.95
2.34
3.11
2.14
2.24
4.65
4.45
3.48
2.05
2.34
2.14
1.96
2.78
2.51
2.01
2.17
2.52
3.21
2.32
2.30
3.51
2.96
2.59
3.16
2.11
2.36
1.98
1.88
2.70
3.25
3.06
3.81
4.31
3.30
2.72
2.80
2.04
2.97
3.00
2.70
1.62
4.94
3.81
1.82
2.00
2.93
4.08
4.11
3.91
2.43
1.66
2.26
2.80
1.90
1.79
1.65
1.92
1.91
2.64
3.19
2.00
2.04
2.86
3.58
2.15
1.97
4.76
3.83
2.63
3.44
3.43
4.14
7.20
5.02
1.63
2.69
3.34
3.28
3.93
2.99
2.54
2.48
1.70
2.75
2.70
3.18
4.92
5.84
2.62
3.29
3.38
1.92
2.71
5.39
6.50
4.96
5.52
4.40
4.50
4.99
2.99
2.07
1.92
2.03
2.10
3.10
4.41
3.03
1.88
2.86
4.17
4.73
5.30
5.06
4.07
3.35
2.12
3.49
4.06
2.80
1.66
1.21
1.01
3.33
2.16
5.10
1.91
4.02
4.65
4.96
5.60
5.33
5.64
5.60
3.57
2.56
5.18
5.10
3.88
3.31
2.15
2.05
4.39
6.61
4.63
6.40
3.67
1.38
3.10
3.07
2.21
5.80
9.26
5.54
3.57
4.27
1.79
4.52
3.51
2.03
1.45
2.62
4.92
5.98
4.26
1.82
2.18
1.04
1.62
5.74
4.45
7.30
4.48
2.32
5.02
4.92
2.82
2.04
1.92
3.33
3.37
7.73
5.59
2.13
3.75
3.45
4.30
1.12
1.89
2.09
2.87
2.35
4.21
6.93
7.06
4.15
1.65
1.20
2.92
2.80
1.60
4.21
6.35
2.73
1.79
4.50
4.93
3.62
3.05
4.66
4.17
3.73
4.14
4.07
2.19
3.82
5.23
5.80
3.88
3.08
2.72
3.10
2.08
2.14
2.23
3.63
4.69
3.53
2.64
1.38
1.27
1.71
2.38
4.84
5.41
6.11
9.09
8.65
4.83
7.72
7.47
3.16
4.59
5.01
5.24
4.91
6.48
5.94
4.38
4.59
4.73
4.98
5.08
3.97
3.64
5.39
4.61
5.16
5.13
4.27
3.78
3.39
3.70
2.50
2.83
4.71
2.61
2.49
3.50
6.21
7.88
6.39
3.52
2.10
1.52
5.44
6.54
4.34
3.95
3.84
2.87
3.72
4.55
3.89
4.93
4.54
2.77
2.65
4.48
3.17
2.11
4.85
5.90
3.55
2.70
3.33
6.34
6.27
7.16
8.83
3.94
1.69
2.49
8.64
7.17
2.48
1.35
2.45
3.01
1.65
2.58
1.95
2.53
3.31
4.47
3.32
2.90
3.25
3.56
4.95
6.02
5.55
4.24
5.22
2.70
2.70
1.82
2.38
4.52
5.10
4.41
2.20
2.64
2.63
4.29
3.68
5.14
5.28
5.50
3.94
2.77
1.59
1.77
4.09
4.93
6.41
4.77
5.32
6.46
4.80
4.59
3.11
4.42
3.59
2.58
2.78
2.76
4.01
2.93
2.37
3.60
4.56
2.41
2.65
1.94
3.62
3.84
2.02
2.58
4.06
4.22
5.70
4.68
2.86
3.82
4.89
4.44
3.57
2.57
2.74
4.08
3.65
5.12
5.19
6.24
5.31
3.85
1.60
3.28
2.24
2.54
3.00
2.47
2.63
2.39
5.33
6.09
4.95
3.81
4.34
5.37
2.35
2.28
4.04
5.84
7.02
6.39
2.93
2.45
2.22
3.28
5.14
5.63
4.08
2.00
2.86
3.64
2.28
3.09
2.39
4.27
4.21
6.27
4.59
5.40
3.01
2.02
2.86
3.40
2.34
2.94
1.61
4.77
2.98
2.49
3.09
3.19
2.57
2.11
3.67
3.74
5.23
6.21
4.57
3.22
1.95
1.74
1.78
2.57
3.46
6.95
5.97
4.05
2.07
2.60
3.30
6.15
6.98
6.40
4.63
1.99
3.43
2.67
4.00
4.15
4.48
5.01
3.25
1.83
1.78
2.48
1.32
1.31
1.38
1.40
1.22
1.33
3.61
4.45
5.15
6.59
4.20
4.78
3.97
5.12
4.42
3.54
1.97
1.50
2.45
3.16
3.02
6.36
5.49
3.69
3.48
3.32
3.96
5.37
5.72
2.86
3.15
2.31
2.40
3.59
2.85
3.52
2.49
3.81
3.51
3.62
2.85
5.06
4.26
2.98
4.05
5.22
3.22
1.55
2.33
3.46
4.25
2.27
2.12
1.60
1.53
2.41
2.67
2.42
4.20
6.00
6.53
9.65
4.13
4.86
5.35
5.28
3.56
7.40
6.46
4.81
5.19
4.80
6.05
8.18
5.21
4.64
4.54
7.44
5.78
5.59
5.93
5.07
4.63
4.87
4.37
2.52
2.44
4.47
4.94
6.51
6.83
5.60
5.71
7.35
4.22
2.76
4.49
4.62
8.46
8.53
9.53
3.99
6.16
4.70
3.70
4.42
5.31
8.69
6.86
3.23
1.41
1.87
3.06
4.57
5.14
4.07
5.40
5.91
1.37
1.80
3.13
6.41
4.95
3.14
3.26
5.35
5.62
4.33
2.07
3.02
1.75
2.77
2.64
3.59
3.84
4.85
1.86
1.88
3.38
1.66
3.94
6.64
3.13
4.30
5.50
5.52
5.01
6.42
7.15
6.69
6.72
6.38
2.87
3.72
5.31
3.61
4.02
2.44
4.32
4.01
4.65
3.81
4.87
4.32
4.57
5.88
5.49
6.61
5.01
3.86
2.06
2.74
2.40
4.59
5.01
5.31
2.97
1.59
1.48
2.51
3.05
2.69
3.41
5.10
7.53
7.80
7.01
5.53
4.60
3.64
5.78
2.72
3.94
5.12
2.55
5.22
4.65
2.35
1.54
2.71
1.58
3.49
4.34
3.87
3.89
3.96
2.26
2.49
2.73
2.86
2.78
3.15
5.21
4.03
4.38
5.69
2.76
5.10
4.37
2.45
3.02
3.43
2.31
1.80
3.08
3.08
3.94
6.21
6.13
3.03
3.98
2.81
5.55
3.97
3.74
2.21
2.84
3.71
3.75
4.84
4.19
2.52
2.17
2.42
2.87
4.45
3.64
2.01
5.64
4.56
2.91
3.55
3.42
3.15
2.41
3.26
4.95
4.20
1.56
2.28
3.65
2.49
3.09
3.09
4.38
3.73
1.91
3.11
3.98
3.64
4.37
3.29
6.32
5.65
2.14
2.01
2.69
2.80
3.42
2.46
1.78
3.01
3.52
2.69
1.32
3.11
5.68
3.55
3.66
4.60
2.40
3.86
3.41
4.35
3.86
3.01
5.14
4.45
4.16
2.25
3.10
1.92
1.66
2.55
2.76
3.09
1.78
3.15
3.06
2.36
2.83
2.00
1.48
1.82
3.47
5.16
3.38
2.87
3.03
2.02
3.10
3.61
3.47
3.50
2.43
1.71
2.81
1.83
3.35
1.80
4.42
3.59
1.26
2.91
4.52
2.79
2.69
1.81
1.69
2.79
2.26
3.06
2.18
3.21
3.25
3.44
3.88
2.82
2.39
2.75
3.12
2.90
2.15
5.59
3.75
3.51
3.41
4.42
3.80
3.59
4.07
3.22
1.94
4.91
3.36
2.72
3.70
4.11
4.58
4.37
3.29
3.66
4.37
3.34
4.50
3.46
4.09
3.46
4.04
2.78
1.49
3.97
4.16
3.26
2.83
5.32
4.14
2.75
2.08
2.04
2.85
3.24
2.26
1.60
4.19
2.00
2.29
2.24
5.60
2.23
4.09
4.53
5.39
4.16
3.94
3.41
4.36
5.66
5.93
3.54
3.21
3.93
3.77
3.07
1.83
1.40
2.83
3.59
1.52
2.96
3.93
4.42
4.55
3.80
2.22
6.60
4.48
1.98
1.79
4.38
2.63
2.84
2.64
3.45
4.54
3.01
3.28
3.13
1.18
4.40
4.96
3.80
1.60
3.13
5.13
3.92
2.52
2.34
2.65
2.97
4.80
5.43
4.69
4.69
4.27
4.44
6.18
5.70
3.37
5.69
6.46
8.01
4.79
4.89
6.26
6.19
3.71
4.09
2.18
2.63
3.80
4.64
3.51
1.65
2.44
2.98
1.71
2.00
2.83
3.67
4.48
3.90
7.09
4.37
2.94
2.90
2.77
5.22
5.23
5.06
5.81
7.17
9.79
4.55
3.49
4.28
6.72
5.19
3.89
2.68
3.33
2.71
2.88
4.87
3.79
1.52
4.35
3.53
1.83
1.47
2.31
4.78
4.59
4.15
3.74
5.91
6.21
5.61
4.01
1.69
3.27
2.88
4.07
3.82
1.79
2.52
2.37
7.05
6.98
7.07
8.02
5.94
1.98
2.31
2.35
1.85
5.37
6.67
6.35
4.92
3.85
3.29
5.78
6.94
5.80
6.71
5.01
4.82
4.40
3.17
2.38
2.66
2.82
3.03
4.15
4.97
3.93
2.33
3.75
3.18
5.74
3.89
2.51
3.06
3.51
3.67
3.35
3.02
3.71
7.00
5.90
3.07
3.10
2.81
5.52
4.80
2.45
2.91
3.70
2.62
5.35
4.43
2.18
3.91
2.47
3.86
2.97
2.04
3.23
3.07
2.87
3.76
3.65
3.35
3.66
3.55
4.01
3.65
3.04
3.08
2.16
1.51
3.03
7.03
3.35
2.81
2.72
3.71
2.21
3.04
3.07
2.54
4.29
4.34
6.82
4.65
4.06
1.79
2.65
1.85
3.22
2.79
2.34
2.95
2.87
3.83
4.98
3.81
4.78
2.02
2.85
3.51
2.95
5.00
4.76
4.42
3.81
4.17
5.62
3.98
4.17
4.40
3.53
3.11
2.14
2.69
2.01
3.16
1.69
1.67
2.34
2.47
4.31
3.55
2.53
3.24
4.34
2.98
2.58
2.45
2.78
4.79
2.20
1.59
1.73
2.87
3.29
1.69
1.61
1.88
3.02
1.88
3.30
3.71
2.22
2.44
3.03
1.96
3.02
4.21
2.94
3.29
2.04
2.96
3.30
3.79
4.03
3.77
2.33
3.11
2.28
3.40
1.80
2.10
1.56
1.58
3.36
4.71
4.77
4.25
2.43
1.77
1.78
2.11
3.57
4.02
5.32
3.29
1.40
3.51
4.18
2.27
3.21
2.03
2.04
2.12
1.32
1.34
2.98
3.60
5.05
4.50
1.88
2.42
2.03
1.89
4.40
5.08
2.75
2.91
3.03
1.80
2.06
3.88
4.18
3.60
3.59
5.70
5.10
1.94
1.57
1.90
2.07
3.72
2.74
7.28
5.92
2.44
2.67
2.10
2.31
5.55
3.08
3.56
2.99
3.79
3.53
4.61
4.28
3.24
4.55
6.34
8.97
6.68
5.06
5.27
4.77
2.19
6.62
4.29
4.61
3.54
3.16
2.64
6.66
3.49
2.60
4.26
2.88
3.66
2.12
4.51
2.32
2.87
3.36
1.47
1.62
2.83
2.17
3.57
2.29
1.37
4.52
5.95
4.71
3.97
5.06
1.29
2.73
4.47
9.20
10.10
4.08
6.24
5.02
3.40
3.07
3.66
2.96
3.54
5.85
5.73
2.60
3.62
4.69
4.72
7.19
7.19
6.41
8.64
4.03
1.37
6.29
3.87
4.76
5.70
4.45
4.35
4.94
4.77
5.02
3.73
5.84
5.88
5.57
6.83
6.80
5.72
4.63
3.70
2.16
3.76
5.14
2.77
3.82
7.17
5.03
3.33
5.13
6.39
5.36
5.42
5.85
4.63
5.05
5.61
4.53
3.86
4.85
3.43
2.92
3.34
3.85
4.84
6.65
5.72
6.80
3.75
3.93
5.26
5.07
4.41
7.86
7.77
3.16
2.69
3.19
4.39
4.38
5.44
5.02
4.62
3.34
1.98
2.63
2.06
2.18
3.01
4.00
1.21
1.93
3.02
4.42
2.85
3.38
2.79
3.55
1.44
1.81
4.25
9.10
8.75
6.56
5.43
6.32
5.80
4.23
3.78
3.56
1.55
2.57
3.81
4.79
4.15
3.06
1.75
1.66
3.53
2.70
4.28
5.15
2.39
3.58
3.57
5.69
6.33
1.95
2.59
2.85
5.85
8.04
5.14
1.61
5.29
4.00
4.49
5.05
4.50
3.07
3.04
3.64
3.62
3.52
4.65
3.21
1.87
1.91
3.72
4.37
3.15
3.49
1.74
3.87
3.75
4.03
3.36
4.79
5.78
4.83
4.33
4.70
2.89
2.73
2.26
2.98
2.30
2.53
2.81
3.03
2.97
1.71
2.23
3.99
6.47
7.31
3.69
3.34
4.86
2.31
1.75
1.49
3.29
4.24
4.25
2.15
2.21
3.01
2.81
2.99
3.26
4.74
3.40
2.29
2.76
2.70
3.63
5.87
6.28
4.79
5.17
4.62
2.69
2.47
1.88
2.35
2.52
2.39
3.14
3.01
3.25
3.17
2.57
2.32
3.08
2.87
2.83
5.09
5.07
4.76
3.01
2.54
4.52
3.23
1.92
1.59
2.34
3.89
4.69
5.03
4.77
4.42
3.58
3.93
2.28
1.97
2.27
3.05
3.56
2.92
3.05
3.50
2.43
1.89
2.28
1.83
1.82
1.82
4.37
4.49
5.23
4.55
3.79
3.16
2.74
3.23
5.45
5.92
4.71
4.44
3.26
4.50
3.57
3.43
2.70
1.62
1.90
1.78
2.53
2.80
1.92
2.42
3.38
3.42
3.38
2.16
1.69
1.79
2.68
3.78
3.23
3.17
3.30
3.62
2.82
4.28
4.02
3.99
3.36
2.20
1.35
4.33
5.55
2.20
4.06
3.82
3.75
2.35
1.93
1.43
1.73
1.60
1.18
2.44
4.09
3.02
4.59
4.90
4.44
4.26
3.78
1.86
2.60
2.93
1.58
2.57
2.18
2.71
3.19
4.71
5.08
4.41
4.75
2.69
3.99
3.29
4.09
4.11
3.35
2.67
1.78
2.23
2.33
3.14
5.46
3.50
2.70
2.22
3.70
3.65
3.34
2.73
3.28
3.34
1.06
4.06
5.14
4.58
3.02
4.40
2.76
1.45
1.10
3.85
4.11
3.82
0.97
4.34
5.53
6.63
5.08
4.90
5.12
2.94
1.79
2.79
2.60
2.37
5.39
4.31
4.34
7.33
6.79
7.08
4.99
4.93
5.72
4.96
4.21
5.72
6.68
7.77
6.22
9.50
8.49
7.27
5.91
2.25
3.91
2.51
3.39
2.93
3.70
6.05
9.29
6.92
4.48
3.60
3.34
4.25
5.87
9.18
10.06
8.07
8.30
5.30
5.42
7.03
6.11
4.17
3.89
1.81
1.48
1.89
1.87
2.28
4.02
1.93
4.49
4.44
6.66
6.68
1.70
1.81
2.75
3.28
2.96
2.84
2.56
1.45
5.48
6.07
6.33
4.40
1.78
2.14
3.36
3.17
5.40
4.76
2.30
4.50
5.43
5.28
3.99
4.69
5.94
5.61
3.58
4.05
3.21
3.82
6.20
6.82
5.01
5.73
3.55
4.05
5.50
4.42
2.41
4.03
3.60
2.88
4.32
5.50
5.46
5.78
3.61
2.98
1.75
2.60
4.67
2.87
3.28
1.72
3.47
3.02
3.35
4.32
5.76
8.00
8.75
7.21
5.12
4.62
2.66
2.69
2.71
3.79
3.73
1.73
1.51
4.61
6.07
6.70
4.46
5.83
4.49
3.85
3.17
2.19
2.79
4.92
3.19
3.96
2.59
2.91
2.91
3.44
2.91
4.21
2.80
2.58
2.63
4.13
4.20
5.18
4.60
5.38
2.25
4.54
5.39
4.03
3.47
5.76
3.55
2.85
4.15
5.07
3.17
4.20
3.30
3.13
2.89
3.27
1.88
2.50
3.88
3.93
4.77
3.41
5.24
4.57
3.69
6.43
5.83
2.24
3.35
4.42
4.03
3.33
2.62
2.21
2.26
2.75
2.55
3.94
3.21
3.37
3.51
4.32
4.37
4.34
2.05
2.74
3.56
4.25
2.51
1.26
4.20
2.80
3.00
2.43
3.82
4.82
2.44
2.63
2.22
4.91
2.49
5.42
6.48
5.49
1.73
2.78
2.41
2.03
2.52
2.10
3.19
4.00
2.09
3.40
4.50
2.78
2.62
2.82
4.61
4.85
3.81
5.66
6.02
6.12
3.74
2.00
1.73
3.15
2.74
2.58
2.36
1.53
2.79
2.20
2.23
2.14
2.58
4.13
3.80
1.30
2.67
3.97
2.76
1.51
1.30
1.73
2.69
4.30
4.17
4.75
4.25
3.78
3.40
1.86
2.44
2.20
3.97
4.83
3.00
4.32
5.38
5.72
2.91
2.17
2.04
3.20
3.56
3.31
2.63
2.90
4.67
4.00
5.89
4.28
2.04
3.48
2.20
2.80
1.78
4.21
2.50
1.68
2.09
1.55
2.07
1.51
1.26
1.11
2.15
1.57
2.85
5.15
4.13
2.00
2.29
3.28
3.76
3.53
2.16
2.89
4.12
2.08
1.17
1.54
1.82
1.51
3.06
4.29
3.33
2.95
2.64
2.17
3.38
3.85
1.50
2.23
3.53
1.52
1.68
1.87
1.97
2.16
2.87
5.18
4.60
6.78
8.22
6.10
4.82
5.59
6.49
2.56
5.24
4.33
8.05
7.89
4.54
4.51
4.89
3.51
6.64
3.19
2.04
4.74
5.52
8.20
6.15
3.46
5.15
4.52
6.92
8.55
8.22
2.01
3.64
4.51
6.54
5.88
5.06
4.02
2.53
2.30
4.07
4.52
4.98
4.80
4.64
6.71
7.18
7.32
5.42
5.66
7.92
5.76
3.47
6.13
5.81
5.13
1.98
6.59
7.49
6.37
5.92
5.16
5.76
5.87
3.18
3.95
2.74
3.08
2.78
3.52
3.05
1.39
2.55
2.15
3.62
1.99
1.93
3.36
2.73
3.59
3.59
6.02
8.09
6.56
7.96
7.18
6.32
6.10
10.17
7.18
4.07
3.66
4.48
5.50
8.17
6.46
4.61
3.86
1.96
3.27
6.20
4.68
1.51
3.66
2.14
2.70
6.24
5.84
5.93
4.78
4.34
3.91
2.76
1.35
1.38
2.99
3.54
4.42
2.82
3.85
2.06
3.00
3.36
2.81
3.89
3.82
3.40
2.84
2.42
2.06
3.75
3.20
2.65
3.39
3.60
5.43
5.68
4.05
3.56
2.50
3.43
4.02
4.60
6.16
4.27
5.00
2.93
2.00
3.05
2.06
2.80
2.65
5.95
6.01
3.94
2.17
3.76
4.91
3.31
2.14
1.94
2.90
4.89
5.12
5.45
6.74
5.04
3.39
4.52
3.80
3.01
3.74
3.13
3.17
3.93
4.40
2.16
2.76
2.09
3.69
2.19
2.57
3.95
4.34
5.07
4.46
4.35
4.81
5.22
3.83
4.51
4.29
4.62
3.87
2.39
1.93
3.57
3.02
3.93
2.24
3.52
2.32
1.70
2.14
3.21
4.36
4.87
3.80
5.31
3.58
3.57
2.47
1.89
2.73
3.20
4.21
2.95
3.97
2.81
3.42
3.68
2.29
1.60
1.61
2.27
3.48
2.92
4.02
2.78
2.44
2.98
2.75
3.49
4.00
3.75
2.13
3.52
3.34
4.25
3.74
3.68
2.48
3.58
5.85
2.67
3.03
3.74
3.50
4.46
3.92
1.60
3.74
4.68
3.22
2.44
3.11
2.33
3.05
2.49
1.98
1.91
1.71
1.93
2.09
2.33
2.02
2.74
3.23
1.63
3.15
1.86
3.66
4.10
3.20
3.49
3.80
4.93
3.36
3.41
3.36
3.17
3.79
3.00
2.15
2.11
1.46
2.04
1.58
2.50
3.10
3.61
2.33
2.42
3.25
3.01
2.51
3.62
4.58
2.39
1.92
2.29
2.50
2.74
3.10
2.73
1.69
1.58
2.11
2.06
1.90
1.83
2.37
3.00
3.20
3.90
1.99
3.84
3.43
2.35
1.57
1.89
1.76
2.09
1.90
3.28
1.68
1.71
5.55
5.96
3.88
2.45
2.32
2.99
4.39
4.26
4.93
4.11
3.25
2.06
2.20
4.22
3.44
4.22
5.60
4.50
2.52
3.97
2.65
1.49
2.57
2.51
2.04
2.08
2.46
1.80
1.79
4.01
4.46
3.52
2.05
1.67
3.36
4.16
2.17
4.11
2.93
3.36
4.23
3.16
1.99
2.53
2.01
2.21
3.81
3.75
4.06
3.50
4.35
5.45
4.80
6.39
3.40
2.57
1.20
1.87
1.16
3.24
3.56
2.62
3.83
4.87
6.86
3.38
0.83
1.38
1.64
1.94
4.24
5.33
4.86
4.68
4.22
2.79
2.13
2.03
4.17
3.12
2.07
2.52
1.58
3.87
4.86
4.21
5.92
7.18
6.50
8.55
8.28
3.55
3.06
2.96
5.06
5.29
2.91
6.38
7.88
3.93
2.15
3.95
1.54
3.34
4.33
6.54
5.60
3.63
3.66
2.93
1.85
1.19
2.53
2.38
1.64
1.37
2.05
2.21
2.81
2.25
3.50
3.65
2.60
3.44
3.83
3.49
4.20
4.29
3.27
2.29
3.08
4.03
4.66
4.30
4.05
5.01
5.25
5.12
3.51
2.88
1.57
3.76
3.63
3.53
4.37
6.73
5.64
7.74
5.64
5.23
4.93
6.05
5.38
5.95
4.80
4.44
3.88
2.47
3.50
4.65
2.64
3.61
3.77
4.89
2.36
4.12
2.97
4.64
4.55
3.48
6.11
7.01
3.87
5.00
5.67
3.09
3.76
1.86
3.05
1.29
1.53
1.81
3.94
3.04
2.73
1.92
3.68
2.56
1.67
4.95
5.50
6.20
3.42
2.16
5.90
5.17
5.63
6.16
4.52
6.02
3.63
2.86
4.51
2.22
2.94
6.00
7.13
5.92
5.81
3.32
2.01
3.16
3.39
2.62
5.03
6.49
6.70
5.93
7.41
4.83
2.12
2.40
4.92
2.77
3.33
3.49
4.04
1.91
2.30
2.66
3.18
2.98
3.72
3.08
3.35
2.05
1.81
3.71
4.88
4.48
2.71
3.21
3.82
2.52
3.75
5.73
3.61
1.73
3.07
3.60
2.96
4.22
6.56
4.17
3.13
2.39
3.81
5.43
4.97
2.62
2.79
5.40
4.58
2.42
1.41
3.64
2.47
2.95
5.16
4.59
4.17
4.09
2.05
4.69
2.71
4.50
3.05
4.34
4.69
3.76
2.04
1.60
1.77
3.66
1.60
1.81
2.78
3.28
3.98
1.69
2.05
3.33
2.80
1.54
3.74
2.33
2.71
2.94
2.61
1.81
3.87
2.99
2.50
3.00
3.68
3.51
2.59
1.77
2.22
4.14
5.39
3.80
3.50
2.37
2.53
3.95
2.09
2.51
3.19
2.77
2.19
3.15
1.93
3.29
3.43
4.19
3.87
3.67
2.66
1.58
3.43
2.76
1.49
2.74
1.43
2.30
2.09
2.79
1.54
1.73
1.31
1.83
1.90
3.05
3.33
4.88
2.71
3.80
5.61
4.53
7.40
5.48
4.19
2.40
1.39
1.20
1.99
3.04
1.41
1.35
1.57
2.32
3.44
3.15
3.00
2.50
3.16
3.20
2.74
5.20
4.06
5.70
4.92
4.09
4.54
2.76
1.70
3.40
4.84
6.14
3.15
4.12
2.43
2.18
3.72
1.69
2.72
3.21
2.88
3.13
2.33
3.29
5.06
4.12
4.89
6.46
8.58
3.30
3.17
4.89
3.94
2.62
3.07
2.91
1.50
1.95
2.34
3.49
4.84
3.55
2.94
2.00
3.77
2.33
3.60
2.92
5.56
5.00
2.96
2.55
5.49
6.38
3.25
2.25
5.93
5.94
5.94
2.38
1.73
2.03
3.08
3.57
3.77
5.78
6.83
7.56
5.28
4.80
5.43
2.97
3.67
6.10
5.72
3.15
3.10
2.49
2.49
1.97
2.28
3.37
3.14
7.43
8.02
6.63
6.86
4.01
4.38
5.31
5.65
4.17
6.03
3.34
6.66
3.93
4.58
3.23
2.65
3.55
5.41
2.17
2.09
3.73
4.52
5.06
6.38
5.03
4.56
4.66
3.06
3.06
1.82
3.37
3.49
6.83
3.95
1.63
4.31
6.91
7.59
5.27
5.06
6.17
3.80
3.18
4.28
3.27
1.78
1.14
1.65
3.11
2.08
5.91
5.30
3.15
3.51
5.74
4.04
1.30
2.24
1.51
2.35
1.51
1.44
3.35
4.34
2.99
4.61
4.78
5.16
6.12
5.42
5.28
4.72
3.47
2.82
1.39
2.88
3.99
3.00
2.65
1.04
3.26
2.70
6.93
10.13
10.08
8.37
2.61
4.95
2.86
4.41
2.24
2.02
1.58
2.73
2.40
5.23
2.63
3.92
5.24
3.80
2.74
3.24
3.43
5.22
3.38
4.48
2.64
2.89
7.15
7.23
6.28
3.87
3.56
1.84
2.13
2.50
2.19
2.85
3.33
2.65
2.67
3.99
4.39
4.63
4.32
3.08
2.55
3.57
4.66
7.02
3.71
3.36
1.62
2.56
2.56
2.99
4.05
3.47
3.57
2.57
3.01
4.38
3.97
2.90
3.85
4.31
3.04
1.74
4.00
4.31
3.40
3.52
5.13
4.69
3.36
3.96
3.39
4.40
2.99
3.45
2.95
2.51
2.66
3.33
2.51
3.39
2.84
2.30
2.28
2.70
4.44
4.24
4.22
4.11
2.00
2.50
3.27
3.49
3.97
3.68
3.98
5.23
5.20
3.55
3.55
2.27
2.56
2.41
3.69
2.54
3.10
2.53
2.72
2.21
3.21
5.06
5.30
4.03
4.61
3.75
3.00
3.04
3.85
2.83
1.79
2.21
2.23
3.97
3.15
2.00
1.83
2.63
2.14
1.69
1.94
2.55
4.19
3.66
2.69
1.92
3.04
2.12
1.88
2.31
2.92
3.55
2.09
2.18
3.15
2.81
5.04
4.46
2.91
2.05
3.91
2.60
2.95
1.81
2.91
3.16
3.71
1.51
2.67
2.41
3.79
2.71
3.15
4.61
2.47
2.56
3.64
2.87
1.79
2.58
3.86
3.04
2.47
3.10
2.95
4.43
2.67
2.60
4.70
2.58
1.53
2.43
3.22
2.58
2.33
3.22
3.57
3.85
5.69
5.19
2.81
4.68
2.18
5.85
4.40
4.34
2.55
3.05
2.85
5.46
5.27
3.31
3.09
1.51
3.26
2.71
2.60
2.18
3.29
2.62
2.89
3.51
1.66
1.38
1.42
2.50
1.25
2.45
2.40
3.99
7.88
5.40
5.60
4.17
4.01
3.34
5.10
5.07
4.93
2.73
3.88
1.87
2.66
2.75
1.92
2.29
1.70
2.42
4.17
3.92
2.11
4.24
3.10
2.66
3.84
3.12
2.85
5.56
6.98
5.47
3.88
2.70
1.94
2.83
2.70
2.36
5.96
6.11
4.07
3.84
4.10
4.53
3.97
2.88
4.11
5.34
7.72
5.51
5.98
4.25
2.59
2.91
2.44
3.33
4.50
2.49
3.06
4.01
2.80
4.40
2.41
3.54
3.24
5.07
4.41
4.30
3.29
4.60
5.19
3.32
8.61
5.80
1.65
4.91
4.03
2.05
4.68
8.36
6.96
2.33
4.95
5.40
6.98
7.27
6.09
6.69
5.73
2.49
1.54
1.43
2.77
3.83
3.31
2.70
2.73
2.52
3.85
3.00
2.89
4.14
3.27
3.82
2.74
3.01
5.14
4.96
3.78
5.30
6.20
7.90
4.72
6.46
4.24
4.98
2.93
1.60
2.82
2.41
1.82
4.69
4.14
4.27
3.71
2.81
1.58
1.55
1.48
1.93
3.38
2.81
3.14
5.40
8.50
6.06
4.29
6.09
7.08
7.10
4.37
3.26
5.30
7.55
5.99
7.76
5.86
7.23
7.10
3.40
3.80
4.04
2.48
3.25
2.79
4.31
5.05
4.26
3.20
2.75
2.61
3.80
3.15
4.63
2.74
2.38
2.10
2.74
2.33
4.05
3.76
3.45
2.80
3.58
4.43
4.50
5.36
5.10
4.55
4.01
3.27
2.52
2.09
4.93
7.18
5.05
3.72
3.75
2.53
2.62
3.23
2.93
5.09
5.11
4.68
3.59
3.29
4.56
3.02
3.23
2.55
2.66
3.13
4.70
4.02
2.53
3.02
5.00
3.67
3.63
3.81
3.69
3.80
4.76
2.49
3.92
3.62
4.32
4.19
3.24
2.25
3.98
3.74
3.47
2.49
2.84
2.65
3.20
3.61
2.65
5.55
3.54
4.37
2.62
2.98
3.10
2.67
3.34
2.17
2.03
2.73
2.40
2.99
2.64
2.39
3.52
3.69
2.84
4.29
5.31
2.81
1.62
3.87
4.83
5.05
4.04
4.29
4.03
4.49
4.73
3.56
3.52
2.99
1.69
1.89
3.05
2.77
4.14
4.40
1.88
1.68
2.28
2.95
3.87
2.21
2.06
2.54
3.42
4.65
6.09
4.18
2.49
2.19
2.32
1.66
1.73
2.04
1.98
1.58
2.46
2.64
3.89
2.58
4.77
4.59
3.34
3.37
3.04
3.34
3.11
3.62
2.47
3.69
2.85
2.42
2.61
1.96
2.79
2.10
2.47
2.12
2.20
2.55
1.74
2.02
3.09
3.10
4.14
3.97
4.27
4.37
2.35
1.32
1.84
3.70
4.76
3.38
4.09
1.86
4.24
2.91
4.98
4.30
2.79
2.49
1.70
2.44
2.46
1.89
1.51
2.49
3.16
5.19
4.61
5.14
2.35
3.26
2.41
3.05
3.45
2.81
1.91
3.71
4.13
4.65
6.72
4.14
3.07
3.78
2.39
2.35
2.84
4.22
3.67
1.63
2.79
3.01
2.24
3.26
4.75
6.50
5.17
2.85
1.87
0.99
1.37
3.63
3.21
2.32
2.08
2.19
1.49
2.57
1.99
1.24
2.27
4.15
4.50
4.02
2.75
4.89
3.61
2.93
3.18
4.31
1.37
2.23
3.17
5.17
4.74
2.91
3.06
3.58
4.89
4.27
1.94
1.39
2.63
3.10
3.74
4.06
7.17
5.34
7.25
5.23
3.93
4.38
3.50
4.61
5.36
7.23
3.88
3.30
3.94
3.87
4.10
3.19
3.42
3.93
2.82
1.94
2.03
2.31
1.99
3.26
5.10
3.91
2.56
4.03
4.96
5.53
2.96
3.94
4.29
4.60
3.64
4.69
4.76
6.42
3.77
6.49
7.28
4.26
3.90
5.44
2.56
2.98
4.66
3.36
2.56
3.73
3.68
3.49
3.97
4.63
5.26
6.33
6.24
6.73
3.75
4.11
4.71
3.39
3.73
2.71
4.02
8.42
8.04
7.83
7.76
4.51
1.93
5.57
8.53